=== SAMPLE 9 (Sea) START ===
F0:[182,94,126,116,18,2,2,103]
F1:[187,96,124,72,58,2,4,104]
F2:[186,84,124,60,15,30,11,102]
F3:[186,80,128,240,33,12,3,106]
F4:[186,66,126,150,35,33,8,108]
F5:[180,74,126,42,17,4,7,107]
F6:[172,58,126,94,49,2,6,111]
F7:[157,48,126,212,19,18,1,90]
F8:[113,24,130,180,36,23,8,108]
F9:[117,48,126,156,57,36,7,109]
F10:[169,80,130,158,13,5,3,109]
F11:[187,99,126,46,1,32,6,110]
F12:[186,93,130,250,1,29,1,101]
F13:[186,56,124,70,46,30,0,110]
F14:[186,66,128,24,3,32,10,103]
F15:[179,74,126,190,26,28,9,101]
F16:[178,78,126,66,59,12,2,110]
F17:[175,15,126,148,0,5,14,111]
F18:[109,21,124,4,21,29,16,107]
F19:[117,25,126,124,0,9,0,101]
F20:[119,20,126,164,42,35,10,112]
F21:[145,26,128,128,30,25,5,110]
F22:[122,15,126,34,16,31,13,108]
F23:[126,20,132,148,22,35,8,111]
F24:[125,43,128,48,45,31,5,106]
F25:[123,31,124,54,51,23,11,101]
F26:[151,16,124,202,63,6,1,111]
F27:[148,15,122,140,57,1,12,108]
F28:[143,30,126,14,4,9,1,101]
F29:[146,43,126,134,2,6,12,112]
F30:[143,15,126,148,15,18,11,108]
F31:[124,16,130,148,49,10,8,94]
F32:[141,34,126,222,32,6,4,106]
F33:[118,28,128,236,42,2,14,104]
F34:[125,19,128,22,51,34,0,104]
F35:[129,21,128,232,33,11,1,101]
F36:[150,23,124,30,26,31,7,102]
F37:[147,16,126,48,8,36,1,99]
F38:[152,12,130,20,14,7,0,103]
F39:[154,19,126,120,39,29,16,103]
=== SAMPLE 9 STOP ===
