=== SAMPLE 0 (Sea) START ===
F0:[155,133,128,106,2,25,2,114]
F1:[166,98,132,250,55,6,15,112]
F2:[111,92,126,250,21,27,8,106]
F3:[47,37,130,212,15,14,6,104]
F4:[57,40,128,148,44,8,5,106]
F5:[78,28,126,214,37,19,11,110]
F6:[65,29,126,156,39,30,9,104]
F7:[74,30,124,184,47,34,2,104]
F8:[99,42,128,230,40,12,14,108]
F9:[112,60,126,222,21,10,4,111]
F10:[142,103,128,178,40,8,14,113]
F11:[159,126,126,100,24,29,15,99]
F12:[144,100,126,100,50,24,14,103]
F13:[77,41,124,94,34,11,9,102]
F14:[49,36,128,50,42,5,8,104]
F15:[59,31,128,250,36,30,14,105]
F16:[65,29,124,38,17,34,9,105]
F17:[73,33,126,70,11,16,15,107]
F18:[90,24,130,150,7,28,14,105]
F19:[95,28,124,36,13,5,8,100]
F20:[135,41,130,28,59,3,16,104]
F21:[152,15,130,170,20,29,1,112]
F22:[154,17,128,90,37,25,0,108]
F23:[163,7,124,246,36,15,16,98]
F24:[159,19,130,60,44,15,16,103]
F25:[179,14,128,236,44,23,9,104]
F26:[193,26,126,142,26,32,5,104]
F27:[193,19,128,16,45,14,4,111]
F28:[179,32,126,172,62,29,7,109]
F29:[197,78,128,146,41,35,16,113]
F30:[183,55,128,150,9,29,11,104]
F31:[154,17,124,146,39,15,0,111]
F32:[179,14,130,242,54,20,7,113]
F33:[159,10,126,176,50,26,15,101]
F34:[166,6,128,112,63,6,8,107]
F35:[175,14,124,168,58,3,14,103]
F36:[193,20,122,4,24,8,11,105]
F37:[194,26,126,122,11,21,3,113]
F38:[195,60,124,144,34,9,0,106]
F39:[178,23,128,210,26,18,13,109]
=== SAMPLE 0 STOP ===
