=== SAMPLE 20 (Sea) START ===
F0:[180,110,128,244,14,22,12,104]
F1:[180,106,122,10,49,18,6,105]
F2:[169,83,130,26,51,10,8,107]
F3:[177,89,128,124,17,5,7,107]
F4:[140,47,126,6,18,23,2,100]
F5:[130,25,126,92,42,31,9,110]
F6:[130,23,126,84,42,3,10,108]
F7:[129,34,124,32,16,5,15,103]
F8:[90,19,130,226,42,13,6,105]
F9:[96,20,132,230,7,6,5,105]
F10:[155,79,124,162,63,9,0,108]
F11:[185,80,128,88,55,1,9,112]
F12:[177,97,128,242,47,15,15,108]
F13:[140,49,126,100,39,35,0,98]
F14:[148,52,128,188,50,18,3,110]
F15:[146,46,130,210,37,2,2,109]
F16:[131,23,126,38,28,36,2,98]
F17:[129,23,128,96,14,10,14,104]
F18:[100,33,126,180,55,36,16,108]
F19:[114,33,124,82,37,20,9,108]
F20:[119,17,126,122,33,20,10,101]
F21:[146,17,130,194,16,21,6,106]
F22:[144,15,128,14,29,25,11,110]
F23:[129,42,126,114,18,33,9,107]
F24:[132,29,126,196,57,4,3,107]
F25:[134,23,126,184,6,8,1,102]
F26:[142,16,130,56,63,24,3,112]
F27:[140,15,126,194,51,18,2,106]
F28:[133,15,122,94,41,3,9,102]
F29:[128,16,126,162,40,27,13,102]
F30:[137,21,126,104,32,7,0,106]
F31:[142,15,130,136,38,3,16,102]
F32:[145,15,128,218,17,11,1,101]
F33:[134,23,126,146,29,24,15,106]
F34:[131,38,126,44,55,9,12,109]
F35:[125,26,128,8,51,9,10,113]
F36:[140,15,130,204,44,32,9,107]
F37:[142,15,128,36,36,27,9,100]
F38:[134,19,126,28,40,17,7,110]
F39:[132,17,126,140,22,14,10,107]
=== SAMPLE 20 STOP ===
