=== SAMPLE 10 (Sea) START ===
F0:[183,73,130,136,55,23,4,111]
F1:[183,70,126,184,62,24,11,104]
F2:[165,65,128,136,26,36,1,112]
F3:[138,38,126,110,8,22,14,106]
F4:[179,84,128,192,35,10,3,109]
F5:[108,19,122,236,56,8,5,99]
F6:[104,19,130,78,32,15,1,113]
F7:[116,30,122,210,7,11,4,110]
F8:[102,43,124,206,55,13,14,101]
F9:[93,20,126,112,23,29,14,99]
F10:[164,62,126,96,20,14,10,106]
F11:[185,78,126,232,20,31,11,102]
F12:[183,73,130,170,12,21,15,107]
F13:[138,48,126,138,42,31,13,104]
F14:[139,44,126,50,50,25,0,102]
F15:[131,49,124,116,37,26,3,103]
F16:[106,19,122,8,51,34,2,101]
F17:[107,20,124,36,33,25,8,95]
F18:[93,20,128,210,41,18,7,104]
F19:[111,43,126,26,52,2,8,101]
F20:[123,28,132,204,56,7,7,104]
F21:[141,15,128,72,36,20,7,113]
F22:[144,15,130,140,3,2,7,116]
F23:[134,28,128,110,55,6,5,107]
F24:[124,20,126,110,42,25,5,104]
F25:[131,14,126,30,46,34,15,104]
F26:[139,8,128,158,32,22,11,99]
F27:[146,14,124,186,64,10,15,107]
F28:[158,19,124,36,42,33,15,100]
F29:[161,20,130,170,51,26,8,110]
F30:[158,19,128,228,7,28,9,105]
F31:[144,14,132,208,56,29,2,111]
F32:[146,15,128,194,31,30,8,100]
F33:[131,20,124,196,45,9,8,102]
F34:[124,17,126,152,56,18,15,104]
F35:[131,30,128,182,7,28,8,111]
F36:[144,7,124,34,14,27,6,105]
F37:[142,7,124,182,47,12,4,100]
F38:[151,42,122,44,43,34,5,100]
F39:[151,16,128,18,6,13,5,112]
=== SAMPLE 10 STOP ===
