=== SAMPLE 11 (Sea) START ===
F0:[47,38,124,52,12,31,15,104]
F1:[45,40,126,180,14,18,1,103]
F2:[81,65,130,150,37,26,6,101]
F3:[97,35,126,48,34,31,1,103]
F4:[94,20,126,44,23,11,8,105]
F5:[113,20,126,106,43,3,10,111]
F6:[120,20,128,120,62,11,2,103]
F7:[112,23,122,30,30,31,4,97]
F8:[104,41,130,130,46,9,15,110]
F9:[108,43,128,106,27,34,15,111]
F10:[70,54,128,216,44,1,15,105]
F11:[45,40,124,132,59,26,16,102]
F12:[55,36,128,126,50,23,10,106]
F13:[99,21,126,196,16,36,4,103]
F14:[84,58,126,136,6,28,6,100]
F15:[108,20,132,152,32,12,1,101]
F16:[118,20,128,194,6,29,10,104]
F17:[119,23,128,90,60,17,8,112]
F18:[128,65,124,62,43,3,11,109]
F19:[108,35,130,200,28,16,0,105]
F20:[126,24,126,198,54,22,11,105]
F21:[160,8,126,200,63,14,14,105]
F22:[174,7,122,10,44,13,3,103]
F23:[147,17,128,146,31,20,3,108]
F24:[148,12,124,80,45,22,6,101]
F25:[152,23,128,56,38,25,14,107]
F26:[173,15,128,96,39,25,8,108]
F27:[163,7,130,250,42,17,8,109]
F28:[175,11,126,156,58,2,8,106]
F29:[158,20,124,94,61,1,16,102]
F30:[167,21,126,22,16,24,1,100]
F31:[156,7,128,218,22,18,12,102]
F32:[156,7,128,232,63,13,12,102]
F33:[147,26,126,108,61,13,3,108]
F34:[144,42,132,128,29,16,10,107]
F35:[150,15,126,220,59,33,1,106]
F36:[164,7,130,184,46,19,0,101]
F37:[166,30,124,16,60,33,14,108]
F38:[163,32,128,178,22,7,6,108]
F39:[176,10,126,104,57,13,0,104]
=== SAMPLE 11 STOP ===
