=== SAMPLE 8 (Sea) START ===
F0:[190,112,126,242,45,5,7,105]
F1:[190,114,126,12,10,22,14,106]
F2:[188,46,130,244,32,10,8,108]
F3:[187,82,130,46,12,10,10,99]
F4:[187,74,128,118,47,0,4,108]
F5:[188,89,128,100,52,0,1,111]
F6:[188,96,126,250,32,3,13,108]
F7:[181,75,130,226,36,7,5,112]
F8:[150,47,130,92,34,12,1,106]
F9:[159,51,124,88,36,16,9,102]
F10:[186,103,128,122,21,14,13,108]
F11:[191,110,124,172,4,31,10,100]
F12:[190,107,126,184,58,2,6,109]
F13:[187,76,130,164,21,19,9,111]
F14:[186,56,126,38,59,7,11,103]
F15:[187,84,126,218,12,6,3,106]
F16:[188,94,124,60,51,11,5,98]
F17:[188,85,128,74,38,22,1,113]
F18:[171,69,128,106,42,3,7,109]
F19:[146,41,130,166,32,12,2,102]
F20:[145,33,128,124,52,16,2,110]
F21:[140,15,130,182,63,19,15,113]
F22:[142,16,130,112,48,13,3,108]
F23:[162,30,126,196,53,22,7,104]
F24:[159,24,126,226,1,11,14,110]
F25:[141,21,128,180,5,26,1,100]
F26:[146,10,126,36,27,31,14,107]
F27:[153,12,124,60,8,29,6,110]
F28:[155,21,130,126,25,25,11,113]
F29:[140,41,130,164,2,10,3,103]
F30:[152,23,128,98,44,29,10,106]
F31:[142,16,130,68,44,15,6,107]
F32:[143,16,128,236,42,12,1,107]
F33:[134,25,126,142,15,31,1,113]
F34:[161,30,126,36,52,7,14,101]
F35:[156,20,126,40,51,29,2,104]
F36:[152,12,124,222,24,1,4,102]
F37:[155,37,128,148,57,35,4,106]
F38:[158,24,124,78,33,12,1,101]
F39:[157,20,126,42,0,35,9,106]
=== SAMPLE 8 STOP ===
