=== SAMPLE 6 (Sea) START ===
F0:[181,89,128,150,34,4,9,110]
F1:[182,90,126,96,39,18,10,113]
F2:[126,68,130,30,23,29,17,103]
F3:[55,40,128,160,63,2,10,112]
F4:[123,51,128,236,17,15,3,103]
F5:[100,19,126,138,51,27,3,101]
F6:[106,20,124,162,31,6,11,103]
F7:[105,21,122,168,55,27,10,102]
F8:[114,37,122,86,47,21,7,107]
F9:[104,20,124,102,44,24,5,105]
F10:[165,73,126,144,39,21,3,108]
F11:[181,85,130,162,48,8,9,100]
F12:[168,56,126,124,29,22,12,104]
F13:[57,45,126,192,9,7,8,112]
F14:[57,41,124,128,45,2,7,105]
F15:[90,25,128,234,6,20,4,100]
F16:[106,19,128,162,34,35,9,106]
F17:[105,21,130,108,61,24,2,109]
F18:[107,20,132,218,24,29,6,104]
F19:[103,19,126,86,36,35,9,110]
F20:[128,25,128,54,25,17,13,107]
F21:[137,15,126,214,61,16,6,104]
F22:[140,15,130,128,29,24,1,100]
F23:[143,53,134,100,24,23,14,109]
F24:[144,47,126,28,15,34,6,111]
F25:[158,11,126,166,23,24,9,105]
F26:[173,8,130,38,29,18,12,97]
F27:[172,6,126,98,5,28,2,103]
F28:[156,33,120,34,41,29,14,101]
F29:[172,17,126,42,43,3,1,107]
F30:[162,17,128,62,48,21,8,107]
F31:[140,15,126,42,56,34,8,114]
F32:[142,16,124,202,47,29,2,108]
F33:[144,17,130,190,11,27,6,102]
F34:[148,12,128,46,57,21,0,105]
F35:[145,11,128,222,48,25,5,110]
F36:[173,7,128,168,47,33,13,105]
F37:[172,7,128,62,59,35,5,112]
F38:[174,16,132,110,52,1,11,109]
F39:[151,29,126,204,54,34,14,103]
=== SAMPLE 6 STOP ===
