=== SAMPLE 22 (Sea) START ===
F0:[185,124,130,148,64,17,7,116]
F1:[186,117,130,142,38,23,9,111]
F2:[187,98,124,100,60,19,12,101]
F3:[186,88,126,118,53,18,14,111]
F4:[183,89,130,238,25,29,2,106]
F5:[146,41,124,16,50,27,15,108]
F6:[130,26,126,88,42,23,4,100]
F7:[139,44,126,166,10,11,14,99]
F8:[101,20,126,74,49,15,8,109]
F9:[101,19,124,222,36,15,0,103]
F10:[164,96,130,212,37,19,16,105]
F11:[186,110,124,62,36,8,15,107]
F12:[184,106,126,138,35,1,3,108]
F13:[184,94,124,180,45,26,2,105]
F14:[187,76,130,168,61,33,14,110]
F15:[153,51,128,134,41,0,6,108]
F16:[137,32,126,64,53,32,5,105]
F17:[129,33,128,232,44,24,16,104]
F18:[136,56,126,60,58,16,4,107]
F19:[98,19,128,116,55,16,1,108]
F20:[122,16,126,148,35,6,15,115]
F21:[143,16,126,38,34,10,6,102]
F22:[147,32,130,170,40,34,0,109]
F23:[115,37,128,210,62,34,2,113]
F24:[114,37,128,26,36,31,14,102]
F25:[123,24,128,84,32,15,6,102]
F26:[175,25,122,56,19,29,15,106]
F27:[137,7,130,32,62,11,10,112]
F28:[154,10,128,144,59,21,8,108]
F29:[157,10,130,144,41,20,6,112]
F30:[142,29,126,242,10,6,8,102]
F31:[143,15,130,204,1,6,4,107]
F32:[139,15,128,182,31,19,15,115]
F33:[124,27,124,48,0,6,10,103]
F34:[114,45,124,24,27,5,14,97]
F35:[119,30,126,46,56,0,4,108]
F36:[136,7,130,208,34,8,16,107]
F37:[135,7,126,206,52,10,1,104]
F38:[145,17,124,46,50,5,9,102]
F39:[159,8,126,152,24,16,9,107]
=== SAMPLE 22 STOP ===
