=== SAMPLE 30 (Sea) START ===
F0:[170,138,126,184,46,7,1,106]
F1:[168,121,124,108,59,22,11,104]
F2:[160,95,126,150,49,6,6,109]
F3:[99,52,124,92,42,17,14,108]
F4:[71,28,128,212,32,35,15,110]
F5:[89,24,124,130,0,15,5,111]
F6:[90,23,126,196,24,27,14,106]
F7:[125,23,122,28,43,9,9,110]
F8:[118,30,128,134,53,34,15,108]
F9:[115,26,124,36,38,27,6,100]
F10:[162,111,122,40,36,0,16,102]
F11:[172,120,122,40,20,16,2,100]
F12:[148,94,128,194,43,32,2,102]
F13:[75,27,128,86,61,22,16,105]
F14:[126,52,130,234,28,5,12,111]
F15:[84,24,128,186,5,25,14,109]
F16:[90,23,132,226,38,32,3,109]
F17:[96,24,124,180,52,14,15,109]
F18:[110,43,126,72,44,5,7,105]
F19:[117,28,126,94,38,32,10,108]
F20:[131,20,128,84,5,31,13,113]
F21:[153,17,122,80,14,0,6,106]
F22:[158,30,130,134,15,2,13,109]
F23:[147,28,126,122,49,9,9,105]
F24:[145,20,128,14,42,11,5,107]
F25:[151,17,130,244,26,10,2,106]
F26:[157,15,126,130,41,25,2,112]
F27:[159,15,128,214,45,1,10,101]
F28:[162,24,126,32,54,23,15,107]
F29:[163,33,124,6,10,9,1,99]
F30:[152,33,128,198,58,9,4,108]
F31:[151,15,126,132,23,19,2,103]
F32:[150,15,128,136,27,4,3,106]
F33:[144,38,128,130,36,36,8,107]
F34:[141,28,128,38,25,8,14,102]
F35:[148,17,122,58,60,8,8,98]
F36:[160,16,126,58,45,26,14,111]
F37:[156,14,126,176,18,35,2,105]
F38:[163,39,124,22,25,11,4,102]
F39:[163,21,124,108,12,3,0,104]
=== SAMPLE 30 STOP ===
