=== SAMPLE 19 (Sea) START ===
F0:[183,56,124,180,2,9,0,103]
F1:[185,60,128,88,55,20,2,107]
F2:[146,46,128,192,36,35,0,105]
F3:[89,24,124,12,15,19,3,101]
F4:[143,45,124,22,47,13,13,101]
F5:[93,22,130,250,59,27,16,109]
F6:[79,21,126,100,52,3,17,108]
F7:[93,21,124,188,53,31,5,106]
F8:[104,30,126,40,59,14,6,110]
F9:[118,19,128,140,1,8,13,103]
F10:[169,48,128,180,55,30,15,111]
F11:[185,58,124,230,29,12,4,100]
F12:[183,57,128,250,4,2,6,105]
F13:[110,34,124,124,26,22,16,104]
F14:[88,25,128,192,11,16,14,109]
F15:[84,21,130,22,50,0,4,103]
F16:[79,22,128,240,19,27,12,105]
F17:[88,22,128,80,62,12,1,111]
F18:[118,19,130,242,47,6,4,109]
F19:[119,20,128,8,23,3,8,99]
F20:[125,25,128,164,57,33,4,106]
F21:[140,16,128,156,21,33,5,107]
F22:[142,15,128,178,12,12,0,106]
F23:[146,37,124,34,51,29,12,107]
F24:[132,16,122,48,25,32,3,99]
F25:[147,16,124,152,13,18,15,104]
F26:[155,21,122,106,0,13,13,104]
F27:[150,19,128,10,39,30,6,113]
F28:[147,26,128,208,26,17,13,109]
F29:[149,21,128,212,30,33,9,103]
F30:[147,19,126,120,26,34,15,110]
F31:[142,15,126,66,39,6,12,105]
F32:[169,15,128,70,22,10,0,107]
F33:[145,15,126,112,50,31,14,106]
F34:[147,15,128,96,39,29,12,108]
F35:[137,19,126,238,39,31,11,112]
F36:[152,20,130,56,43,32,12,106]
F37:[149,19,132,208,16,36,4,110]
F38:[152,20,126,96,53,1,13,103]
F39:[138,33,126,46,22,2,14,104]
=== SAMPLE 19 STOP ===
