=== SAMPLE 14 (Sea) START ===
F0:[185,76,126,190,56,1,16,101]
F1:[187,65,130,230,61,16,12,109]
F2:[185,87,126,70,37,14,14,112]
F3:[185,94,126,156,54,23,15,106]
F4:[187,51,126,110,47,31,3,113]
F5:[96,30,128,232,45,22,15,108]
F6:[86,23,130,206,25,0,5,105]
F7:[100,24,126,54,43,36,13,105]
F8:[128,33,124,130,44,16,14,105]
F9:[120,37,132,246,9,8,1,100]
F10:[172,61,130,74,34,27,0,106]
F11:[186,78,130,16,31,27,13,102]
F12:[188,74,128,134,42,18,5,106]
F13:[187,73,126,14,63,29,4,103]
F14:[185,90,124,82,52,30,7,104]
F15:[122,52,124,88,54,7,5,100]
F16:[89,39,130,112,26,3,3,104]
F17:[88,24,126,70,42,29,14,104]
F18:[120,19,128,156,27,22,2,108]
F19:[121,20,130,46,34,14,9,107]
F20:[137,28,124,100,11,25,8,101]
F21:[141,21,128,102,29,6,15,101]
F22:[140,19,128,34,50,36,13,111]
F23:[141,32,128,22,17,3,14,103]
F24:[135,49,124,122,40,13,16,110]
F25:[145,12,124,70,58,25,2,105]
F26:[143,12,130,100,18,9,13,105]
F27:[141,12,124,176,9,6,4,109]
F28:[132,25,126,152,60,9,6,102]
F29:[139,21,130,150,24,4,16,112]
F30:[145,21,122,36,46,33,9,107]
F31:[138,17,124,40,62,28,6,101]
F32:[173,17,126,174,51,20,6,110]
F33:[146,17,122,124,58,17,10,100]
F34:[146,15,124,152,4,10,6,108]
F35:[140,62,122,164,16,15,2,104]
F36:[141,12,126,28,28,33,15,107]
F37:[142,10,126,124,49,4,7,110]
F38:[138,17,124,56,27,20,9,103]
F39:[128,29,126,152,4,11,9,105]
=== SAMPLE 14 STOP ===
