=== SAMPLE 24 (Sea) START ===
F0:[65,24,130,234,47,27,5,106]
F1:[65,22,126,46,58,31,17,103]
F2:[89,32,124,56,26,22,10,102]
F3:[93,39,130,38,3,28,3,107]
F4:[83,26,126,40,3,12,2,104]
F5:[102,22,128,246,61,11,15,107]
F6:[102,19,128,62,49,17,7,109]
F7:[162,28,128,78,45,25,12,111]
F8:[113,25,130,146,52,28,7,112]
F9:[113,21,124,166,60,21,9,104]
F10:[86,40,126,32,50,8,15,106]
F11:[107,26,130,90,42,17,5,108]
F12:[70,23,130,158,11,9,15,114]
F13:[85,24,126,160,60,11,16,104]
F14:[98,38,126,112,32,30,3,110]
F15:[91,21,126,56,35,23,8,101]
F16:[102,20,128,140,37,34,7,108]
F17:[100,19,126,12,53,3,3,112]
F18:[134,49,130,82,30,24,12,103]
F19:[120,41,126,32,60,13,2,106]
F20:[124,20,130,104,31,15,10,108]
F21:[127,14,132,124,30,9,14,109]
F22:[149,29,130,174,41,20,11,108]
F23:[129,44,124,222,26,30,10,106]
F24:[124,10,126,64,52,2,8,109]
F25:[128,16,126,190,15,33,15,103]
F26:[155,26,128,4,13,8,10,107]
F27:[144,23,128,130,11,2,12,112]
F28:[160,12,124,224,52,26,11,106]
F29:[159,14,130,248,60,7,16,108]
F30:[144,21,124,166,19,9,2,103]
F31:[128,16,130,162,22,32,1,107]
F32:[129,15,126,168,60,30,10,105]
F33:[129,51,124,64,51,16,13,100]
F34:[133,37,126,30,39,6,6,108]
F35:[128,10,128,64,0,5,10,109]
F36:[146,23,128,220,18,22,7,97]
F37:[145,23,124,58,16,34,9,103]
F38:[162,32,126,18,11,9,4,100]
F39:[162,12,130,224,20,0,3,110]
=== SAMPLE 24 STOP ===
