=== SAMPLE 23 (Sea) START ===
F0:[127,33,128,162,35,18,0,105]
F1:[73,29,128,184,54,14,0,106]
F2:[77,34,128,208,13,12,5,111]
F3:[95,43,126,132,53,22,8,106]
F4:[109,55,130,32,30,12,11,112]
F5:[75,25,124,76,61,29,3,104]
F6:[68,25,124,198,24,0,1,103]
F7:[78,27,128,234,26,24,11,108]
F8:[119,49,126,210,59,36,3,103]
F9:[111,23,128,112,38,35,16,105]
F10:[82,29,124,214,59,36,15,108]
F11:[73,26,126,26,49,1,1,103]
F12:[108,24,128,242,41,24,12,111]
F13:[87,44,128,188,14,12,6,104]
F14:[94,48,126,214,55,20,3,107]
F15:[88,36,132,250,34,33,7,113]
F16:[67,26,122,86,1,25,0,109]
F17:[72,24,128,246,35,35,7,102]
F18:[112,21,128,188,46,20,11,105]
F19:[117,47,128,232,31,10,8,109]
F20:[123,19,128,100,46,15,5,113]
F21:[138,11,128,232,41,28,3,105]
F22:[137,12,130,118,23,11,5,107]
F23:[148,37,124,60,47,15,14,108]
F24:[139,19,126,68,49,9,9,104]
F25:[144,15,130,156,20,2,16,109]
F26:[147,11,130,178,32,16,14,99]
F27:[156,52,128,218,48,18,10,105]
F28:[146,35,126,38,56,26,0,101]
F29:[158,19,126,74,1,26,13,102]
F30:[151,20,124,42,49,34,6,101]
F31:[138,12,126,200,2,26,9,106]
F32:[137,11,126,36,43,32,14,107]
F33:[142,15,130,6,15,22,10,115]
F34:[141,15,130,154,42,8,9,109]
F35:[145,34,130,242,52,13,6,105]
F36:[147,12,126,224,59,5,15,103]
F37:[143,10,124,4,21,33,10,110]
F38:[143,29,128,190,7,2,13,106]
F39:[140,23,128,160,19,24,16,108]
=== SAMPLE 23 STOP ===
