=== SAMPLE 5 (Sea) START ===
F0:[175,84,128,190,50,2,2,111]
F1:[177,96,130,102,58,7,1,104]
F2:[136,69,124,36,3,29,4,105]
F3:[135,37,126,140,50,17,14,104]
F4:[80,29,120,32,13,10,3,98]
F5:[115,24,128,80,27,15,3,104]
F6:[125,23,126,26,37,28,6,108]
F7:[127,30,128,150,44,21,14,108]
F8:[118,20,124,138,6,31,4,101]
F9:[113,19,126,54,37,25,4,102]
F10:[166,73,124,50,51,33,9,101]
F11:[182,74,126,226,11,28,2,99]
F12:[161,90,124,164,46,1,5,102]
F13:[80,29,126,38,23,28,3,104]
F14:[78,36,130,20,53,19,5,110]
F15:[129,34,124,222,48,20,9,101]
F16:[125,23,128,244,36,22,16,104]
F17:[120,23,126,236,4,6,13,108]
F18:[116,20,124,128,42,35,13,109]
F19:[122,37,126,10,42,9,9,109]
F20:[140,17,126,114,62,15,3,105]
F21:[158,16,126,158,11,26,2,105]
F22:[157,15,130,142,34,34,7,101]
F23:[169,28,126,232,36,13,6,102]
F24:[162,7,130,218,34,1,1,109]
F25:[166,10,130,226,43,13,0,105]
F26:[170,11,128,226,5,18,9,109]
F27:[169,12,122,10,18,31,7,103]
F28:[172,11,126,26,7,17,14,110]
F29:[171,11,126,22,18,32,5,103]
F30:[159,14,126,120,58,34,13,105]
F31:[157,15,130,194,53,29,8,106]
F32:[158,15,130,36,4,9,2,115]
F33:[160,10,128,232,27,1,1,110]
F34:[164,23,128,128,36,19,13,111]
F35:[162,28,128,132,6,23,0,107]
F36:[169,12,126,168,36,35,1,110]
F37:[170,12,126,230,16,33,11,102]
F38:[162,14,128,20,27,4,8,104]
F39:[171,10,126,216,50,15,6,107]
=== SAMPLE 5 STOP ===
