=== SAMPLE 21 (Sea) START ===
F0:[183,97,126,190,6,6,16,109]
F1:[183,94,128,136,62,28,8,111]
F2:[183,93,124,68,30,6,6,108]
F3:[184,71,130,192,48,30,2,107]
F4:[183,85,128,110,50,22,12,107]
F5:[172,103,126,106,10,21,10,107]
F6:[171,90,130,120,53,28,5,113]
F7:[147,68,128,8,8,23,11,110]
F8:[45,38,124,56,36,9,1,98]
F9:[46,35,126,220,46,3,1,105]
F10:[149,91,126,160,25,14,5,105]
F11:[187,74,124,100,33,3,10,99]
F12:[183,97,130,34,23,29,9,106]
F13:[183,89,130,162,30,16,3,112]
F14:[183,96,130,228,15,12,9,102]
F15:[175,90,128,58,7,33,2,100]
F16:[172,106,126,84,60,0,15,111]
F17:[160,80,122,204,26,8,10,103]
F18:[66,37,128,238,38,8,8,104]
F19:[63,47,126,18,9,19,11,104]
F20:[95,27,128,232,46,7,14,110]
F21:[141,24,130,104,37,22,5,113]
F22:[140,23,130,184,46,34,12,111]
F23:[143,23,126,98,42,12,6,106]
F24:[163,30,124,70,49,6,10,108]
F25:[156,23,124,242,54,19,6,105]
F26:[156,11,128,148,31,21,12,106]
F27:[153,12,124,118,59,20,5,104]
F28:[151,23,132,116,40,29,2,109]
F29:[156,28,126,140,59,25,10,101]
F30:[152,24,126,188,60,9,10,98]
F31:[139,23,130,138,25,26,16,112]
F32:[141,23,126,54,11,23,10,105]
F33:[155,26,124,218,50,12,15,101]
F34:[145,26,128,104,46,27,10,106]
F35:[161,29,130,228,61,35,10,115]
F36:[154,12,128,160,47,21,6,107]
F37:[153,11,128,64,10,22,11,110]
F38:[172,30,130,50,28,22,7,109]
F39:[154,24,130,154,21,21,6,109]
=== SAMPLE 21 STOP ===
