=== SAMPLE 26 (Sea) START ===
F0:[35,56,130,132,46,1,7,101]
F1:[36,56,128,194,35,5,7,111]
F2:[67,37,130,142,16,29,0,114]
F3:[101,23,124,140,5,29,9,107]
F4:[114,19,128,98,13,30,10,105]
F5:[109,19,128,158,61,33,13,104]
F6:[105,19,128,204,23,36,15,103]
F7:[112,38,130,190,59,31,1,111]
F8:[135,43,126,8,52,24,13,104]
F9:[135,38,128,228,33,26,12,116]
F10:[55,46,126,144,36,32,10,102]
F11:[63,51,124,48,18,4,13,103]
F12:[46,43,124,90,29,6,9,100]
F13:[116,19,126,106,40,7,13,99]
F14:[105,23,126,4,51,35,10,108]
F15:[92,20,128,204,34,32,13,108]
F16:[104,19,128,14,34,28,2,115]
F17:[112,24,130,244,4,18,14,108]
F18:[120,52,126,186,48,10,1,105]
F19:[130,38,126,18,36,22,6,105]
F20:[144,20,122,140,7,17,9,98]
F21:[165,8,126,60,37,31,4,112]
F22:[164,20,132,234,38,17,4,106]
F23:[145,32,132,4,5,35,11,97]
F24:[152,24,122,64,1,3,6,103]
F25:[155,20,124,34,44,15,15,104]
F26:[162,16,126,68,42,27,10,105]
F27:[163,15,124,148,7,19,6,100]
F28:[165,17,128,128,64,32,3,105]
F29:[166,16,128,46,45,16,12,101]
F30:[161,16,128,250,56,19,15,101]
F31:[163,7,128,90,20,22,4,106]
F32:[163,7,128,190,36,5,14,105]
F33:[156,29,130,134,22,19,14,105]
F34:[139,37,126,238,45,3,14,103]
F35:[152,21,128,156,31,34,6,106]
F36:[161,14,124,68,44,4,6,106]
F37:[165,19,124,16,50,21,1,104]
F38:[164,17,130,154,31,2,14,108]
F39:[166,14,126,102,46,9,8,104]
=== SAMPLE 26 STOP ===
