=== SAMPLE 18 (Sea) START ===
F0:[184,73,128,22,6,34,15,104]
F1:[185,78,126,86,35,35,16,103]
F2:[185,84,130,202,5,28,15,112]
F3:[185,83,132,238,20,36,10,112]
F4:[186,85,126,130,4,22,10,101]
F5:[133,37,126,46,47,15,9,107]
F6:[115,28,124,92,53,25,7,99]
F7:[98,38,126,226,51,15,6,102]
F8:[48,70,126,222,23,18,8,107]
F9:[38,53,128,172,56,26,10,105]
F10:[150,68,130,80,16,11,5,102]
F11:[186,76,132,224,3,4,2,109]
F12:[187,64,128,152,59,10,5,96]
F13:[183,89,126,160,34,25,3,108]
F14:[183,93,128,168,49,16,6,112]
F15:[143,53,130,210,33,19,13,105]
F16:[129,31,124,14,0,35,6,106]
F17:[102,30,122,30,2,3,11,105]
F18:[38,51,128,90,58,19,3,105]
F19:[57,65,124,212,61,2,13,108]
F20:[82,36,130,128,47,25,0,116]
F21:[129,23,122,104,10,26,11,95]
F22:[130,24,124,170,43,1,0,106]
F23:[127,28,126,234,59,27,14,106]
F24:[136,24,128,100,61,14,12,112]
F25:[140,21,126,170,44,9,9,100]
F26:[149,21,130,192,59,0,1,108]
F27:[150,41,128,116,62,19,13,107]
F28:[135,29,126,208,61,17,4,107]
F29:[136,20,126,102,47,29,0,109]
F30:[133,24,124,86,24,24,8,110]
F31:[159,17,124,156,27,15,1,103]
F32:[126,23,126,88,29,12,9,101]
F33:[138,25,124,6,9,32,5,99]
F34:[132,30,126,188,23,18,12,107]
F35:[131,57,126,80,33,7,12,102]
F36:[145,17,128,14,38,10,1,111]
F37:[150,23,128,140,61,4,7,105]
F38:[135,38,128,74,6,1,0,106]
F39:[134,47,128,88,9,21,12,103]
=== SAMPLE 18 STOP ===
