=== SAMPLE 17 (Sea) START ===
F0:[178,88,122,48,7,22,14,104]
F1:[178,80,124,26,47,22,0,110]
F2:[181,61,128,114,45,0,1,104]
F3:[183,74,120,16,10,7,1,98]
F4:[184,71,128,100,38,31,15,109]
F5:[56,56,128,228,39,17,7,107]
F6:[37,46,124,138,54,25,1,105]
F7:[41,48,130,138,19,6,14,109]
F8:[50,46,126,214,48,16,2,103]
F9:[47,48,128,150,29,19,15,110]
F10:[155,79,126,56,37,9,12,104]
F11:[178,85,128,166,5,26,1,106]
F12:[179,75,126,122,21,27,0,109]
F13:[184,76,130,128,50,20,1,105]
F14:[182,79,126,194,26,17,6,104]
F15:[91,67,130,94,22,18,16,111]
F16:[38,47,128,34,30,0,16,109]
F17:[38,43,128,138,26,24,14,101]
F18:[48,43,124,166,48,2,0,104]
F19:[48,47,130,18,51,20,12,109]
F20:[94,42,130,236,48,21,17,102]
F21:[133,37,128,176,37,6,16,105]
F22:[160,28,132,22,24,6,13,108]
F23:[134,32,128,180,22,7,9,101]
F24:[129,30,130,210,45,16,2,106]
F25:[136,35,130,222,20,28,12,102]
F26:[131,16,122,18,37,1,13,102]
F27:[135,15,128,78,10,26,3,102]
F28:[131,23,124,174,48,9,8,103]
F29:[129,32,126,220,43,12,3,103]
F30:[129,33,130,22,25,34,5,103]
F31:[131,34,128,56,25,31,2,110]
F32:[130,35,128,88,28,5,1,110]
F33:[132,35,124,44,28,28,9,102]
F34:[134,33,126,206,45,7,14,105]
F35:[137,29,130,234,47,21,8,105]
F36:[134,15,124,34,36,25,3,101]
F37:[141,34,128,230,60,24,8,105]
F38:[125,19,124,148,4,23,7,98]
F39:[132,23,124,198,35,22,11,100]
=== SAMPLE 17 STOP ===
