=== SAMPLE 15 (Sea) START ===
F0:[170,92,126,172,61,36,4,107]
F1:[170,83,124,72,35,0,8,106]
F2:[171,78,124,164,58,15,1,97]
F3:[181,110,126,184,28,28,15,109]
F4:[181,130,126,90,42,22,15,109]
F5:[117,37,124,158,23,29,1,108]
F6:[112,25,130,82,34,27,14,108]
F7:[118,23,122,58,61,7,11,106]
F8:[130,25,126,204,30,14,2,100]
F9:[132,23,128,200,2,26,13,103]
F10:[167,85,130,182,53,18,14,106]
F11:[172,92,126,210,44,12,10,112]
F12:[173,89,128,102,58,7,7,110]
F13:[181,129,126,56,11,27,4,105]
F14:[171,85,126,204,47,36,11,108]
F15:[136,58,124,26,43,36,8,100]
F16:[108,23,128,98,47,1,2,112]
F17:[117,25,128,216,62,18,9,112]
F18:[150,64,128,72,13,22,4,105]
F19:[135,25,124,46,2,34,16,103]
F20:[133,24,126,152,1,11,8,108]
F21:[137,24,128,114,15,35,0,107]
F22:[163,20,128,212,51,22,11,103]
F23:[135,20,132,248,24,2,10,102]
F24:[137,20,124,78,43,18,1,100]
F25:[133,21,130,250,17,19,11,108]
F26:[163,23,126,62,34,7,5,105]
F27:[142,7,126,180,61,9,14,106]
F28:[148,17,130,42,3,22,9,107]
F29:[152,14,126,64,36,17,12,106]
F30:[150,24,128,114,41,19,2,105]
F31:[141,24,128,86,23,35,10,106]
F32:[141,23,126,106,57,32,3,105]
F33:[127,24,126,204,13,5,10,104]
F34:[137,32,124,198,2,21,9,104]
F35:[137,16,126,132,28,11,3,104]
F36:[143,7,128,82,46,24,4,107]
F37:[179,35,128,150,13,13,10,100]
F38:[149,26,126,84,56,14,15,103]
F39:[153,17,132,94,9,6,16,108]
=== SAMPLE 15 STOP ===
