=== SAMPLE 1 (Sea) START ===
F0:[151,78,126,70,27,14,14,110]
F1:[146,62,126,244,37,2,11,105]
F2:[139,51,128,232,4,14,1,109]
F3:[107,30,126,232,58,9,6,106]
F4:[110,23,128,150,25,6,3,111]
F5:[108,20,128,82,47,4,12,111]
F6:[108,20,124,92,61,31,17,106]
F7:[128,24,124,212,10,27,2,109]
F8:[126,33,130,186,50,19,12,108]
F9:[120,29,124,34,18,2,10,99]
F10:[147,74,128,22,50,20,9,103]
F11:[152,62,128,94,44,33,1,107]
F12:[135,53,126,80,38,3,5,100]
F13:[113,23,130,164,30,0,8,107]
F14:[120,33,126,52,59,24,9,108]
F15:[109,34,126,84,56,8,1,108]
F16:[107,19,130,242,4,12,14,107]
F17:[110,23,124,46,38,2,0,104]
F18:[96,49,130,12,34,34,16,109]
F19:[122,32,128,26,29,33,0,106]
F20:[139,19,124,192,56,4,11,106]
F21:[156,8,124,128,57,3,8,103]
F22:[152,11,126,20,1,27,7,105]
F23:[150,21,126,98,37,10,2,105]
F24:[170,12,128,58,51,22,14,106]
F25:[167,8,126,194,62,34,10,104]
F26:[170,0,126,162,25,16,14,107]
F27:[169,0,130,88,22,29,2,105]
F28:[171,1,126,184,48,14,14,109]
F29:[165,0,126,152,38,25,14,102]
F30:[163,21,128,230,37,9,3,112]
F31:[151,7,128,12,43,16,15,110]
F32:[154,7,126,184,61,3,2,103]
F33:[153,52,130,222,51,10,16,107]
F34:[139,21,126,124,46,36,4,104]
F35:[167,10,128,76,46,26,8,113]
F36:[170,0,126,194,9,23,13,106]
F37:[168,0,126,54,55,4,7,106]
F38:[170,16,126,134,56,28,5,107]
F39:[170,0,130,196,10,32,15,108]
=== SAMPLE 1 STOP ===
