=== SAMPLE 4 (Sea) START ===
F0:[186,83,126,34,41,1,3,109]
F1:[186,83,130,206,49,19,8,111]
F2:[184,79,126,96,12,7,4,104]
F3:[180,92,126,26,62,18,7,107]
F4:[187,64,130,168,48,24,9,105]
F5:[84,38,126,190,1,19,0,96]
F6:[74,25,128,190,45,28,5,107]
F7:[73,29,128,54,38,28,6,113]
F8:[105,25,132,150,48,32,7,110]
F9:[70,26,128,160,56,13,4,109]
F10:[159,71,128,110,15,18,6,106]
F11:[187,79,128,214,4,28,1,107]
F12:[188,70,130,174,34,9,9,108]
F13:[179,89,130,152,51,8,12,106]
F14:[180,93,130,162,55,29,2,118]
F15:[111,53,124,116,9,13,2,107]
F16:[72,25,128,200,47,22,1,103]
F17:[72,29,126,134,12,36,15,101]
F18:[71,26,128,60,6,32,1,113]
F19:[68,29,126,110,42,24,4,102]
F20:[113,23,128,90,28,31,5,102]
F21:[137,23,126,60,17,7,3,102]
F22:[136,24,124,176,0,5,13,99]
F23:[132,52,130,174,54,26,16,106]
F24:[128,46,128,138,45,27,12,102]
F25:[137,15,126,74,12,12,8,101]
F26:[138,10,128,212,25,29,2,106]
F27:[141,12,126,112,52,5,10,102]
F28:[152,15,130,210,9,10,12,106]
F29:[166,17,128,152,1,33,16,101]
F30:[159,20,126,240,50,26,2,107]
F31:[134,23,126,170,9,10,15,104]
F32:[135,23,128,56,17,12,2,109]
F33:[131,15,124,218,42,16,15,103]
F34:[135,12,128,224,34,35,15,110]
F35:[127,32,128,184,12,2,16,105]
F36:[141,12,122,30,53,16,7,102]
F37:[140,11,128,80,4,14,10,106]
F38:[156,17,124,54,24,23,13,99]
F39:[155,16,124,84,32,13,16,107]
=== SAMPLE 4 STOP ===
