=== SAMPLE 27 (Sea) START ===
F0:[169,155,132,34,31,2,1,108]
F1:[170,152,130,144,33,22,6,111]
F2:[135,103,128,230,43,10,13,98]
F3:[117,38,128,246,62,18,9,105]
F4:[90,27,124,230,35,31,15,102]
F5:[90,19,132,236,47,5,11,114]
F6:[99,20,128,152,51,30,5,106]
F7:[111,34,128,142,50,32,10,107]
F8:[120,33,128,204,41,2,13,105]
F9:[119,29,128,160,53,12,12,107]
F10:[157,125,126,242,28,19,11,102]
F11:[181,97,128,242,3,34,1,102]
F12:[155,132,126,200,56,8,10,112]
F13:[89,27,128,134,50,12,13,108]
F14:[90,29,128,106,43,17,8,98]
F15:[111,28,128,22,48,16,10,103]
F16:[97,20,128,156,22,1,0,109]
F17:[98,19,126,150,43,17,12,112]
F18:[122,29,126,188,52,19,13,110]
F19:[127,37,126,44,58,16,3,102]
F20:[128,29,126,156,45,4,2,106]
F21:[132,19,126,44,52,23,11,107]
F22:[137,19,128,48,36,15,15,96]
F23:[142,28,126,24,6,29,3,116]
F24:[147,21,128,182,53,24,13,106]
F25:[146,17,126,84,0,19,15,109]
F26:[143,16,126,130,40,5,6,107]
F27:[141,15,128,92,19,34,9,109]
F28:[134,19,130,126,53,1,14,113]
F29:[132,24,130,216,17,18,10,109]
F30:[137,26,124,156,58,3,1,107]
F31:[136,17,122,62,59,2,10,107]
F32:[133,20,130,238,47,4,6,115]
F33:[150,20,124,90,28,18,8,110]
F34:[140,26,126,156,20,3,2,108]
F35:[151,20,124,86,62,18,2,104]
F36:[140,15,128,170,50,6,15,107]
F37:[141,15,126,140,48,10,13,103]
F38:[137,21,128,182,23,26,3,103]
F39:[134,19,128,174,7,11,7,111]
=== SAMPLE 27 STOP ===
