=== SAMPLE 2 (Sea) START ===
F0:[169,89,126,134,31,35,3,104]
F1:[170,80,128,154,51,8,11,109]
F2:[170,103,128,222,37,26,12,102]
F3:[174,102,132,166,21,30,0,103]
F4:[178,67,124,58,5,18,9,107]
F5:[114,29,126,244,48,17,6,106]
F6:[104,20,126,110,54,11,8,108]
F7:[109,23,126,112,48,10,12,106]
F8:[116,34,124,24,0,17,2,109]
F9:[102,19,126,238,31,11,12,111]
F10:[155,75,126,170,49,23,6,106]
F11:[172,87,134,174,13,20,10,108]
F12:[175,79,128,62,6,5,3,116]
F13:[171,112,132,156,43,34,12,107]
F14:[173,117,126,36,20,29,10,107]
F15:[128,34,130,152,18,27,15,103]
F16:[103,20,122,52,57,34,6,102]
F17:[103,20,130,232,56,19,8,103]
F18:[103,19,128,144,26,34,1,111]
F19:[128,39,126,212,52,24,2,102]
F20:[125,17,124,238,40,30,3,101]
F21:[151,17,122,72,3,10,9,103]
F22:[148,15,128,28,17,14,8,110]
F23:[140,24,130,248,38,4,1,110]
F24:[156,17,126,194,57,27,10,100]
F25:[161,14,124,184,5,10,13,107]
F26:[169,8,132,112,23,27,15,102]
F27:[188,35,126,66,2,7,14,97]
F28:[164,14,128,230,54,11,1,109]
F29:[164,7,122,66,3,1,1,102]
F30:[159,11,126,28,17,6,4,112]
F31:[149,15,126,180,13,32,5,102]
F32:[147,15,124,158,51,12,3,112]
F33:[156,15,126,4,18,22,8,98]
F34:[149,34,126,56,32,10,13,107]
F35:[148,47,124,104,27,8,14,105]
F36:[167,7,126,224,53,14,14,105]
F37:[167,7,128,86,53,30,11,107]
F38:[159,17,126,10,64,34,1,105]
F39:[158,21,128,208,0,18,12,110]
=== SAMPLE 2 STOP ===
