=== SAMPLE 29 (Sea) START ===
F0:[183,92,130,230,38,4,1,103]
F1:[185,98,128,46,8,17,8,110]
F2:[173,76,130,222,40,11,16,101]
F3:[172,67,128,128,43,36,10,102]
F4:[151,43,130,212,0,13,12,110]
F5:[103,20,130,144,56,29,1,111]
F6:[101,19,128,232,46,7,14,107]
F7:[104,20,124,94,20,33,2,108]
F8:[91,32,126,52,28,19,11,107]
F9:[96,23,128,176,62,27,4,109]
F10:[168,82,126,148,30,8,16,103]
F11:[187,89,124,172,50,13,6,103]
F12:[184,88,128,206,35,22,12,109]
F13:[148,42,126,122,11,7,16,109]
F14:[153,56,124,220,48,19,14,96]
F15:[130,44,126,78,38,5,3,102]
F16:[102,19,128,100,7,13,5,106]
F17:[99,20,128,96,53,20,14,105]
F18:[98,23,128,248,31,23,16,113]
F19:[96,36,126,172,57,7,3,110]
F20:[118,25,128,138,22,29,6,104]
F21:[126,24,128,156,38,33,2,104]
F22:[129,23,124,216,5,7,14,107]
F23:[128,19,128,8,56,23,17,101]
F24:[129,21,130,170,21,11,13,104]
F25:[145,14,126,42,47,17,15,106]
F26:[159,7,132,76,19,34,7,109]
F27:[172,16,130,126,34,0,1,114]
F28:[159,17,126,68,55,26,2,101]
F29:[159,16,130,200,4,1,4,106]
F30:[151,26,126,220,29,18,6,104]
F31:[149,20,126,108,56,2,1,101]
F32:[126,23,128,138,29,35,13,109]
F33:[130,20,130,104,1,2,0,105]
F34:[126,21,124,74,43,30,9,110]
F35:[138,23,128,182,9,17,11,113]
F36:[159,6,126,168,27,4,4,106]
F37:[157,8,132,122,18,12,9,108]
F38:[158,28,126,144,44,6,14,107]
F39:[162,20,126,40,48,24,3,108]
=== SAMPLE 29 STOP ===
