=== SAMPLE 28 (Sea) START ===
F0:[183,82,128,110,40,8,11,110]
F1:[185,71,130,96,50,32,4,110]
F2:[179,92,128,194,35,33,16,112]
F3:[169,53,128,100,33,30,0,107]
F4:[170,67,126,208,0,29,0,99]
F5:[121,19,126,210,46,24,13,106]
F6:[113,19,130,228,23,17,5,105]
F7:[117,29,130,232,29,27,8,101]
F8:[127,30,126,46,33,34,10,99]
F9:[122,21,128,132,35,17,4,106]
F10:[170,65,128,222,57,11,8,109]
F11:[189,75,124,194,51,7,11,102]
F12:[184,85,128,36,26,14,14,102]
F13:[166,76,124,176,2,28,8,105]
F14:[171,97,128,62,62,5,13,114]
F15:[138,28,122,74,45,11,15,102]
F16:[114,19,126,114,31,4,5,103]
F17:[115,20,126,228,51,7,12,102]
F18:[123,21,128,50,43,7,16,110]
F19:[120,35,126,142,52,10,11,94]
F20:[132,25,124,94,52,24,3,103]
F21:[134,24,128,130,41,15,11,102]
F22:[134,23,124,52,7,26,8,104]
F23:[144,35,124,124,18,33,1,108]
F24:[158,20,128,120,4,27,4,106]
F25:[152,17,126,188,39,21,3,100]
F26:[157,16,124,190,23,33,12,106]
F27:[170,23,126,20,42,35,12,104]
F28:[152,25,128,94,36,34,14,107]
F29:[144,20,128,190,40,1,9,110]
F30:[136,21,124,114,36,7,8,101]
F31:[134,23,126,144,33,11,7,100]
F32:[133,23,128,82,35,25,16,111]
F33:[151,21,126,238,51,11,13,108]
F34:[144,37,130,168,44,10,10,115]
F35:[148,35,128,22,20,11,7,106]
F36:[153,15,126,190,21,25,4,107]
F37:[156,17,128,200,39,9,5,104]
F38:[139,19,126,190,54,26,13,102]
F39:[150,24,128,28,54,22,10,104]
=== SAMPLE 28 STOP ===
