=== SAMPLE 12 (Sea) START ===
F0:[184,92,128,142,43,3,8,96]
F1:[185,93,124,72,7,9,11,103]
F2:[179,106,124,164,5,14,15,102]
F3:[181,95,128,212,15,23,13,101]
F4:[172,119,128,180,59,26,12,109]
F5:[103,39,126,172,49,23,3,108]
F6:[93,26,128,66,52,28,12,107]
F7:[88,27,126,132,53,8,12,112]
F8:[73,38,126,108,6,33,9,103]
F9:[78,24,126,50,49,34,17,99]
F10:[157,82,122,86,55,11,13,105]
F11:[186,85,128,104,28,21,16,108]
F12:[183,101,124,134,49,3,1,105]
F13:[172,119,128,226,56,29,3,103]
F14:[172,117,130,242,32,3,11,105]
F15:[127,53,124,52,22,28,1,109]
F16:[95,29,126,194,63,9,3,106]
F17:[88,28,126,182,22,8,3,108]
F18:[81,24,124,66,54,15,1,100]
F19:[86,36,122,114,36,1,13,106]
F20:[103,18,126,40,49,18,11,108]
F21:[139,16,126,24,43,6,7,101]
F22:[139,15,130,110,9,21,10,104]
F23:[121,23,124,108,61,33,11,102]
F24:[134,16,126,14,59,35,4,101]
F25:[136,19,126,152,21,19,15,111]
F26:[150,25,130,158,26,15,6,102]
F27:[168,25,132,228,45,35,4,101]
F28:[159,32,126,202,57,29,4,102]
F29:[156,25,130,172,2,29,16,110]
F30:[138,34,126,34,57,19,13,111]
F31:[143,21,126,208,50,4,14,110]
F32:[137,15,128,228,44,27,3,104]
F33:[138,16,126,114,50,14,2,108]
F34:[123,26,124,58,2,7,0,105]
F35:[134,16,126,208,42,2,9,97]
F36:[145,23,126,118,13,7,16,105]
F37:[150,25,126,214,12,20,11,107]
F38:[143,38,132,84,30,16,7,110]
F39:[157,34,130,196,49,11,13,111]
=== SAMPLE 12 STOP ===
