=== SAMPLE 16 (Sea) START ===
F0:[186,94,128,8,53,21,1,105]
F1:[187,98,128,186,41,35,5,105]
F2:[187,103,126,54,47,7,3,104]
F3:[182,90,126,50,28,27,0,103]
F4:[187,89,128,230,36,21,7,106]
F5:[66,41,124,88,63,0,6,107]
F6:[47,38,128,116,61,18,3,104]
F7:[53,34,126,134,27,2,8,108]
F8:[63,43,126,242,20,3,13,102]
F9:[82,27,130,102,50,35,2,112]
F10:[166,87,128,94,23,8,12,106]
F11:[186,105,128,168,36,5,9,104]
F12:[187,82,134,154,45,22,3,108]
F13:[184,90,128,168,35,8,0,110]
F14:[184,90,124,170,51,16,10,101]
F15:[97,60,124,70,14,11,15,109]
F16:[169,21,130,148,22,10,2,108]
F17:[47,39,126,92,23,3,15,107]
F18:[81,25,126,42,56,30,14,96]
F19:[85,27,130,200,43,20,15,115]
F20:[95,29,128,230,58,10,2,110]
F21:[135,21,126,84,57,23,16,103]
F22:[135,17,126,114,61,35,10,106]
F23:[115,53,126,176,45,32,14,102]
F24:[108,47,126,150,1,17,5,111]
F25:[120,21,130,184,35,31,10,111]
F26:[143,16,128,130,16,36,10,106]
F27:[141,15,126,136,3,16,9,104]
F28:[144,30,124,192,49,20,4,106]
F29:[143,23,130,14,40,0,8,104]
F30:[144,24,124,44,7,27,9,109]
F31:[136,19,128,124,39,28,0,109]
F32:[136,20,126,58,44,34,0,105]
F33:[115,24,130,244,31,10,10,104]
F34:[106,25,124,132,53,33,11,105]
F35:[118,41,130,202,53,2,10,100]
F36:[140,15,124,30,62,6,9,109]
F37:[143,15,128,170,47,35,13,111]
F38:[142,20,126,20,24,26,7,105]
F39:[141,30,128,230,48,20,0,100]
=== SAMPLE 16 STOP ===
