=== SAMPLE 7 (Sea) START ===
F0:[180,38,128,224,51,31,15,104]
F1:[179,49,126,108,21,21,4,96]
F2:[180,43,124,76,53,3,14,111]
F3:[179,55,128,222,58,34,6,103]
F4:[179,57,126,152,36,26,8,104]
F5:[175,85,126,174,31,13,0,105]
F6:[176,89,130,172,17,4,4,102]
F7:[177,80,126,192,54,30,0,107]
F8:[176,99,128,188,14,14,3,107]
F9:[181,82,126,58,54,2,16,105]
F10:[178,61,130,12,9,34,9,102]
F11:[180,48,124,14,49,20,2,101]
F12:[180,35,130,184,38,13,0,108]
F13:[182,44,130,242,8,24,16,109]
F14:[179,53,126,156,35,26,11,102]
F15:[177,79,124,92,41,17,15,105]
F16:[175,83,122,24,63,13,2,106]
F17:[179,99,124,28,4,18,15,104]
F18:[176,83,128,176,59,5,15,113]
F19:[177,97,130,182,26,28,14,106]
F20:[147,56,128,242,51,14,0,105]
F21:[124,20,130,216,22,29,14,105]
F22:[125,19,122,34,1,3,12,102]
F23:[119,17,124,240,57,6,12,104]
F24:[117,30,128,90,63,21,1,110]
F25:[115,33,124,44,3,7,15,100]
F26:[123,16,130,36,20,9,9,114]
F27:[121,15,128,96,36,36,15,112]
F28:[124,38,130,16,30,13,10,112]
F29:[126,53,124,52,24,1,14,108]
F30:[129,16,126,32,8,29,7,98]
F31:[126,19,130,38,49,22,4,107]
F32:[125,19,128,182,54,35,0,103]
F33:[111,38,130,150,8,35,2,110]
F34:[119,15,128,184,59,28,8,104]
F35:[121,16,124,24,55,12,13,102]
F36:[121,15,128,118,64,2,17,109]
F37:[120,15,124,70,43,2,7,106]
F38:[124,12,126,58,42,3,1,111]
F39:[131,12,122,156,31,36,2,105]
=== SAMPLE 7 STOP ===
