=== SAMPLE 25 (Sea) START ===
F0:[182,133,128,170,10,13,8,115]
F1:[184,130,128,222,39,29,3,99]
F2:[185,111,124,106,27,11,6,103]
F3:[183,125,128,102,40,18,9,105]
F4:[184,117,124,10,4,30,4,101]
F5:[171,103,124,82,53,8,3,100]
F6:[164,71,130,206,31,22,5,112]
F7:[143,66,128,142,6,36,0,119]
F8:[99,25,126,152,30,8,11,104]
F9:[139,34,130,146,26,13,4,110]
F10:[163,108,130,204,34,32,13,107]
F11:[185,131,130,126,19,25,13,95]
F12:[184,128,130,184,42,35,3,104]
F13:[185,93,124,62,58,31,13,104]
F14:[183,119,122,34,8,35,6,106]
F15:[172,96,128,184,25,19,5,108]
F16:[169,96,132,120,11,31,10,110]
F17:[169,75,130,242,1,32,1,106]
F18:[98,25,126,184,30,23,9,106]
F19:[95,22,124,20,60,30,16,110]
F20:[122,21,128,172,43,35,1,109]
F21:[164,20,128,176,51,4,2,103]
F22:[140,16,122,10,49,0,6,96]
F23:[138,12,128,210,49,4,7,112]
F24:[136,11,126,234,4,22,2,103]
F25:[140,38,128,98,21,24,6,112]
F26:[156,11,128,82,12,26,8,103]
F27:[154,12,126,172,63,29,12,107]
F28:[154,43,128,148,46,2,13,108]
F29:[152,47,128,208,0,9,14,105]
F30:[149,11,126,8,5,36,3,102]
F31:[140,15,126,142,14,14,4,106]
F32:[137,15,128,108,44,35,12,102]
F33:[148,39,132,126,16,13,7,111]
F34:[139,12,132,108,25,8,13,104]
F35:[141,10,124,66,9,35,6,107]
F36:[154,12,128,26,53,22,8,108]
F37:[157,12,126,204,35,14,5,103]
F38:[151,8,124,12,40,36,1,107]
F39:[150,7,130,186,31,17,1,110]
=== SAMPLE 25 STOP ===
