=== SAMPLE 13 (Sea) START ===
F0:[172,80,126,112,8,24,5,107]
F1:[172,79,132,230,7,36,0,102]
F2:[173,94,128,108,24,12,0,108]
F3:[176,78,124,8,27,4,13,104]
F4:[176,62,130,236,33,24,13,108]
F5:[106,24,126,122,45,18,3,106]
F6:[100,19,128,10,48,12,11,112]
F7:[102,27,124,186,39,1,16,107]
F8:[105,46,130,202,61,19,15,103]
F9:[97,23,122,22,36,19,0,100]
F10:[149,72,122,50,60,35,9,97]
F11:[174,78,126,34,50,15,11,103]
F12:[176,76,130,144,29,0,6,105]
F13:[173,90,130,24,17,26,1,102]
F14:[173,103,128,250,62,24,14,105]
F15:[127,37,126,152,3,32,17,108]
F16:[97,19,128,210,25,26,15,104]
F17:[98,20,126,26,45,0,15,103]
F18:[96,23,128,68,57,30,12,107]
F19:[124,47,128,82,26,32,1,114]
F20:[116,22,124,60,46,33,6,98]
F21:[142,15,126,6,24,35,2,108]
F22:[144,15,130,154,19,4,12,110]
F23:[143,19,128,174,35,7,10,104]
F24:[149,32,130,64,21,6,14,106]
F25:[137,26,128,176,0,29,9,104]
F26:[126,16,128,86,34,26,5,103]
F27:[145,33,126,118,13,7,9,109]
F28:[117,14,128,176,46,21,7,106]
F29:[115,10,124,34,56,0,14,111]
F30:[127,14,128,234,18,9,11,105]
F31:[163,25,122,24,26,4,4,99]
F32:[144,16,128,180,63,29,4,109]
F33:[144,25,132,212,13,17,12,104]
F34:[139,25,126,14,25,1,12,108]
F35:[143,21,124,38,11,8,7,106]
F36:[123,15,130,58,1,31,9,115]
F37:[123,15,124,42,42,30,14,102]
F38:[132,29,126,166,26,33,14,107]
F39:[134,41,126,8,15,29,12,102]
=== SAMPLE 13 STOP ===
