=== SAMPLE 3 (Sea) START ===
F0:[178,61,128,34,27,4,3,97]
F1:[179,58,122,36,2,30,3,103]
F2:[178,69,124,128,12,15,8,108]
F3:[183,51,128,192,24,10,3,104]
F4:[178,84,130,216,30,25,9,102]
F5:[176,93,130,186,19,10,3,106]
F6:[174,65,130,148,32,17,2,100]
F7:[149,60,126,124,41,32,16,106]
F8:[54,33,126,66,28,25,11,108]
F9:[56,32,128,224,51,23,11,112]
F10:[147,56,128,108,11,10,12,106]
F11:[184,60,128,116,52,25,6,103]
F12:[178,65,122,188,12,12,15,99]
F13:[179,82,130,64,33,10,9,110]
F14:[178,93,124,4,19,9,9,108]
F15:[178,71,128,118,63,30,16,103]
F16:[176,88,126,28,54,23,1,106]
F17:[163,62,120,152,15,18,6,100]
F18:[61,48,130,28,7,36,11,111]
F19:[65,60,126,202,37,5,16,102]
F20:[77,26,130,204,17,35,11,107]
F21:[104,24,126,248,35,6,14,106]
F22:[103,24,130,134,51,24,3,100]
F23:[110,28,122,96,61,31,3,105]
F24:[123,33,126,206,43,34,14,103]
F25:[129,26,126,10,37,10,14,107]
F26:[154,16,126,162,58,15,3,107]
F27:[149,15,130,190,32,20,4,108]
F28:[149,12,128,220,43,24,8,107]
F29:[150,15,130,150,16,21,10,104]
F30:[132,19,132,124,22,32,16,107]
F31:[102,23,132,98,34,8,15,114]
F32:[103,23,128,228,28,5,2,110]
F33:[116,28,130,236,22,21,11,104]
F34:[112,27,126,4,16,10,0,102]
F35:[122,28,124,162,58,31,16,107]
F36:[149,15,128,148,61,15,14,107]
F37:[154,15,128,104,44,1,16,110]
F38:[145,23,128,106,21,33,9,109]
F39:[148,15,124,84,5,8,4,110]
=== SAMPLE 3 STOP ===
