=== SAMPLE 4 START ===
F0:[153,2,130,106,23,20,4,105]
F1:[155,0,124,236,48,28,16,106]
F2:[169,0,130,118,7,31,15,112]
F3:[184,7,128,232,44,7,14,102]
F4:[188,7,126,146,30,26,6,107]
F5:[116,30,124,128,54,36,5,102]
F6:[102,33,126,106,42,26,8,98]
F7:[98,38,126,102,34,25,0,115]
F8:[86,56,124,120,10,34,11,107]
F9:[96,51,128,154,54,10,10,105]
F10:[135,10,128,246,45,21,6,106]
F11:[150,7,128,70,4,32,7,114]
F12:[161,0,122,16,43,14,10,102]
F13:[189,0,128,216,35,22,2,106]
F14:[187,0,128,68,51,14,1,98]
F15:[132,22,128,216,36,30,1,104]
F16:[107,31,130,228,34,11,5,114]
F17:[104,37,130,12,49,22,9,105]
F18:[91,49,126,72,59,12,2,107]
F19:[79,53,124,110,59,9,14,100]
F20:[140,28,128,230,27,0,14,108]
F21:[186,15,128,96,43,30,2,106]
F22:[187,19,126,68,29,12,5,107]
F23:[178,76,124,70,54,2,2,105]
F24:[184,46,126,114,54,28,1,107]
F25:[182,32,124,116,48,21,9,113]
F26:[185,37,124,158,64,36,6,104]
F27:[169,57,124,86,2,28,7,108]
F28:[190,56,126,190,48,19,0,104]
F29:[188,33,128,186,61,26,3,109]
F30:[188,35,132,198,13,26,9,110]
F31:[176,32,128,178,42,13,16,107]
F32:[185,10,124,16,29,16,15,101]
F33:[185,33,126,228,36,19,9,104]
F34:[182,33,128,34,1,11,0,110]
F35:[179,46,132,244,9,7,8,114]
F36:[185,41,124,140,36,11,4,108]
F37:[182,28,128,224,50,32,13,109]
F38:[190,28,126,156,4,16,5,105]
F39:[188,7,126,4,3,10,11,106]
=== SAMPLE 4 STOP ===
