=== SAMPLE 27 START ===
F0:[183,89,130,128,5,28,10,107]
F1:[182,83,126,116,46,14,12,106]
F2:[186,66,122,180,11,10,9,104]
F3:[189,53,124,84,44,15,3,107]
F4:[189,33,128,202,1,33,9,113]
F5:[122,20,124,130,61,34,8,106]
F6:[109,20,130,44,46,32,4,105]
F7:[114,23,128,124,1,31,14,105]
F8:[106,36,128,218,42,22,15,104]
F9:[98,46,126,6,18,24,14,107]
F10:[161,84,126,238,36,9,13,103]
F11:[183,92,130,230,22,11,13,106]
F12:[180,76,128,74,22,8,6,109]
F13:[193,66,126,94,51,4,15,106]
F14:[190,46,126,100,28,6,3,98]
F15:[138,26,128,56,42,31,8,112]
F16:[116,24,128,218,4,35,14,107]
F17:[107,20,126,66,4,8,5,104]
F18:[101,46,126,8,11,13,12,102]
F19:[112,33,126,122,53,5,7,105]
F20:[145,20,128,220,25,2,8,112]
F21:[186,0,128,34,63,6,1,100]
F22:[187,0,122,20,35,26,5,101]
F23:[189,41,128,174,40,9,2,106]
F24:[189,48,126,68,13,4,9,98]
F25:[187,56,128,82,36,1,16,107]
F26:[190,92,126,16,49,27,10,104]
F27:[190,87,128,94,61,26,1,108]
F28:[188,60,128,158,24,4,6,107]
F29:[184,12,126,26,32,34,13,109]
F30:[184,10,132,224,31,30,8,103]
F31:[187,0,124,86,6,15,5,101]
F32:[186,0,128,192,22,32,13,105]
F33:[186,25,126,26,37,33,1,108]
F34:[186,41,128,88,38,25,10,103]
F35:[190,57,122,134,59,20,5,103]
F36:[191,96,126,182,28,20,17,106]
F37:[190,85,128,244,58,11,5,102]
F38:[189,56,128,182,50,29,6,109]
F39:[194,64,128,162,51,0,5,103]
=== SAMPLE 27 STOP ===
