=== SAMPLE 10 START ===
F0:[182,62,126,18,25,21,5,110]
F1:[182,80,128,180,7,2,2,108]
F2:[146,73,126,218,45,11,9,103]
F3:[114,37,130,122,16,6,3,101]
F4:[98,43,126,124,46,6,9,103]
F5:[84,41,124,144,36,22,2,103]
F6:[93,43,126,214,44,13,10,107]
F7:[139,47,128,148,59,34,14,102]
F8:[95,38,128,196,54,2,8,105]
F9:[96,36,128,68,3,4,8,109]
F10:[163,55,124,20,12,0,5,101]
F11:[161,69,124,46,60,29,5,102]
F12:[166,70,126,218,56,35,11,106]
F13:[94,42,124,220,10,10,7,105]
F14:[93,48,130,142,0,10,16,103]
F15:[93,41,128,198,62,5,15,103]
F16:[89,39,124,12,24,34,12,106]
F17:[86,40,128,20,24,14,17,108]
F18:[96,36,128,94,57,30,11,109]
F19:[105,49,128,238,59,5,14,107]
F20:[145,36,124,178,29,20,12,105]
F21:[188,35,126,116,41,12,10,110]
F22:[187,38,126,54,8,16,16,102]
F23:[188,46,126,240,7,15,14,103]
F24:[184,0,128,18,61,9,13,106]
F25:[184,0,126,34,10,16,2,102]
F26:[184,0,128,152,9,9,1,107]
F27:[174,24,128,138,41,32,1,106]
F28:[183,2,126,210,57,5,13,111]
F29:[183,5,126,196,54,33,3,110]
F30:[184,10,126,204,27,6,1,104]
F31:[184,49,128,120,46,8,16,109]
F32:[187,30,126,70,2,22,9,103]
F33:[185,15,128,94,59,30,8,107]
F34:[185,5,124,198,8,6,0,101]
F35:[189,28,130,126,28,15,4,104]
F36:[184,0,124,116,0,26,15,97]
F37:[185,0,132,198,2,29,5,112]
F38:[189,7,128,16,39,6,9,106]
F39:[191,20,126,152,17,17,1,103]
=== SAMPLE 10 STOP ===
