=== SAMPLE 20 START ===
F0:[185,29,126,142,59,6,7,101]
F1:[186,19,128,36,33,32,3,107]
F2:[171,45,130,154,12,30,11,114]
F3:[178,62,128,10,51,34,4,104]
F4:[178,64,130,6,2,20,12,112]
F5:[113,47,130,130,23,1,5,103]
F6:[132,72,130,214,50,19,8,112]
F7:[104,48,130,124,6,0,9,104]
F8:[98,48,122,24,18,0,6,98]
F9:[103,51,130,150,4,8,12,110]
F10:[169,22,130,218,56,31,0,105]
F11:[186,19,130,234,26,31,8,105]
F12:[184,28,126,200,53,29,4,103]
F13:[179,60,126,8,63,20,2,101]
F14:[182,53,126,200,46,15,9,111]
F15:[130,52,126,110,22,9,11,106]
F16:[103,41,126,184,53,27,10,107]
F17:[104,46,126,18,36,5,2,105]
F18:[105,37,132,176,15,22,3,110]
F19:[100,49,126,86,32,24,1,107]
F20:[143,39,120,78,59,5,2,99]
F21:[189,30,124,104,52,6,9,106]
F22:[185,41,128,102,33,36,1,111]
F23:[187,53,128,50,1,32,9,101]
F24:[186,41,126,200,10,1,7,101]
F25:[177,44,130,74,24,36,2,105]
F26:[187,2,126,142,50,3,6,110]
F27:[187,0,128,226,41,19,12,112]
F28:[186,2,130,86,35,34,4,104]
F29:[188,23,124,218,51,21,9,101]
F30:[188,33,132,186,20,35,15,108]
F31:[190,39,128,68,52,31,7,111]
F32:[189,34,130,122,32,31,6,110]
F33:[179,75,126,168,12,14,3,97]
F34:[177,53,126,78,39,1,5,108]
F35:[186,38,130,210,62,26,2,108]
F36:[187,0,124,4,21,8,5,96]
F37:[186,0,124,106,42,9,6,100]
F38:[188,20,130,90,28,19,0,108]
F39:[186,2,128,246,47,27,15,110]
=== SAMPLE 20 STOP ===
