=== SAMPLE 16 START ===
F0:[170,0,124,48,59,35,4,108]
F1:[172,0,128,112,8,2,2,107]
F2:[174,12,130,188,2,28,16,110]
F3:[169,28,128,170,15,25,3,112]
F4:[91,20,126,186,3,2,14,105]
F5:[86,39,128,164,41,0,11,107]
F6:[82,41,128,82,20,25,13,109]
F7:[124,53,132,172,52,20,5,112]
F8:[90,47,124,238,60,13,8,108]
F9:[86,47,128,112,29,25,11,105]
F10:[150,10,130,230,45,13,10,116]
F11:[163,29,130,240,60,29,1,106]
F12:[164,5,126,24,24,30,12,104]
F13:[91,20,128,40,9,27,16,109]
F14:[158,28,132,230,4,27,4,104]
F15:[115,30,128,186,29,4,12,113]
F16:[87,41,126,24,37,1,2,101]
F17:[85,39,124,212,50,7,3,101]
F18:[79,44,124,114,52,16,9,101]
F19:[82,55,126,56,5,17,2,107]
F20:[141,49,126,54,38,35,10,111]
F21:[187,39,126,134,52,5,14,109]
F22:[181,39,128,28,19,19,7,104]
F23:[188,94,128,118,21,5,5,105]
F24:[185,48,128,116,8,34,12,105]
F25:[188,53,126,152,33,8,7,97]
F26:[189,25,128,218,56,13,4,108]
F27:[187,44,126,172,50,0,13,107]
F28:[190,15,126,22,33,30,5,100]
F29:[190,20,124,16,35,28,7,105]
F30:[184,47,124,104,50,9,15,106]
F31:[188,56,124,150,4,0,12,108]
F32:[187,43,128,100,16,34,5,105]
F33:[187,73,128,4,9,25,14,100]
F34:[192,99,130,224,9,9,16,113]
F35:[186,52,128,188,54,25,9,108]
F36:[192,39,128,146,35,8,0,106]
F37:[190,37,126,48,49,24,11,98]
F38:[191,28,128,212,55,3,0,105]
F39:[190,17,132,232,26,9,15,110]
=== SAMPLE 16 STOP ===
