=== SAMPLE 7 (Start2) START ===
F0:[133,87,126,86,75,219,199,175,72]
F1:[101,92,128,68,50,224,184,176,96]
F2:[82,78,128,20,50,234,195,173,109]
F3:[124,88,126,58,62,224,191,175,170]
F4:[125,96,126,6,88,219,197,174,129]
F5:[178,59,128,152,50,224,189,174,181]
F6:[190,69,128,140,62,219,199,174,140]
F7:[186,69,128,28,24,219,189,179,124]
F8:[185,48,128,180,37,229,195,174,127]
F9:[185,51,126,30,50,193,197,174,128]
F10:[126,80,128,12,50,239,180,173,69]
F11:[103,87,126,54,75,214,206,175,105]
F12:[79,74,128,4,101,183,204,178,104]
F13:[126,99,126,34,50,214,204,175,175]
F14:[118,84,128,230,242,193,204,175,120]
F15:[153,60,128,228,11,209,195,171,163]
F16:[189,75,128,164,50,198,184,178,164]
F17:[187,56,126,46,62,219,195,175,126]
F18:[185,58,128,92,37,234,184,177,126]
F19:[184,58,130,82,242,198,193,176,127]
F20:[188,46,126,12,37,224,191,173,132]
F21:[191,29,128,14,50,219,182,172,131]
F22:[193,10,128,104,37,209,195,174,130]
F23:[184,25,128,108,62,209,191,177,119]
F24:[187,42,126,42,62,224,208,177,131]
F25:[187,5,126,98,62,229,201,176,128]
F26:[195,32,126,10,88,219,201,175,136]
F27:[196,52,126,24,75,229,187,174,129]
F28:[185,26,128,144,50,214,193,173,117]
F29:[185,32,126,16,75,244,201,177,128]
F30:[185,23,128,36,50,209,195,174,128]
F31:[194,19,126,174,50,219,189,170,137]
F32:[192,8,128,66,62,204,191,178,126]
F33:[188,21,126,50,75,224,197,175,124]
F34:[188,34,128,10,50,204,182,172,128]
F35:[183,5,126,22,75,229,208,177,123]
F36:[196,43,126,68,75,224,201,177,141]
F37:[196,56,128,118,50,209,191,171,128]
F38:[189,32,126,8,75,229,199,171,121]
F39:[184,15,126,70,62,219,189,171,123]
=== SAMPLE 7 STOP ===
