=== SAMPLE 14 START ===
F0:[176,0,122,110,60,31,0,103]
F1:[175,0,128,230,51,3,16,109]
F2:[181,49,130,158,6,2,13,110]
F3:[188,103,126,72,0,14,4,102]
F4:[188,102,124,4,7,22,11,108]
F5:[194,69,126,22,44,4,2,98]
F6:[193,43,128,212,22,11,15,108]
F7:[180,56,124,66,41,5,12,103]
F8:[164,69,128,68,45,21,15,106]
F9:[163,57,128,242,2,30,15,111]
F10:[161,6,126,218,38,17,13,108]
F11:[175,0,128,30,54,2,0,107]
F12:[178,8,130,128,20,9,6,108]
F13:[187,88,128,134,54,24,10,111]
F14:[189,107,128,214,19,8,11,110]
F15:[192,69,126,134,33,29,16,104]
F16:[190,94,124,22,1,26,12,105]
F17:[192,39,128,60,61,32,11,105]
F18:[130,47,126,162,58,0,13,103]
F19:[132,58,124,92,34,17,13,107]
F20:[189,41,128,236,33,16,5,108]
F21:[187,17,122,14,28,12,4,98]
F22:[187,12,130,158,49,6,14,106]
F23:[190,10,126,166,63,31,0,106]
F24:[188,23,122,6,17,15,15,103]
F25:[190,19,130,234,42,13,3,103]
F26:[190,20,124,130,33,18,9,104]
F27:[190,25,132,156,21,26,0,110]
F28:[184,64,128,70,60,0,14,115]
F29:[191,67,128,178,32,17,5,105]
F30:[190,56,126,42,37,21,11,104]
F31:[187,12,122,170,54,16,8,108]
F32:[174,68,130,140,43,32,9,106]
F33:[189,7,132,106,18,26,14,114]
F34:[190,5,124,132,0,32,0,109]
F35:[190,14,126,10,28,28,12,104]
F36:[184,35,128,210,25,14,15,106]
F37:[191,30,128,194,53,7,15,112]
F38:[190,41,126,156,34,9,10,107]
F39:[191,60,128,6,24,12,9,106]
=== SAMPLE 14 STOP ===
