=== SAMPLE 1 (Start2) START ===
F0:[123,70,126,168,50,224,197,172,70]
F1:[108,79,128,44,37,219,201,177,113]
F2:[124,61,126,10,62,224,201,177,144]
F3:[116,61,126,8,88,224,191,174,120]
F4:[109,69,128,32,50,219,201,175,121]
F5:[181,25,126,28,62,209,201,172,200]
F6:[177,34,126,18,37,229,204,176,124]
F7:[175,41,128,48,24,229,189,173,126]
F8:[182,12,128,128,50,224,193,179,135]
F9:[179,37,126,22,24,239,199,173,125]
F10:[132,64,128,116,62,214,195,173,81]
F11:[110,64,128,92,50,234,187,176,106]
F12:[109,55,126,116,50,229,187,176,127]
F13:[115,64,128,66,75,209,195,176,134]
F14:[103,73,128,82,37,209,187,174,116]
F15:[166,42,126,52,242,209,197,171,191]
F16:[177,25,128,52,62,204,199,179,139]
F17:[177,37,126,66,50,219,195,177,128]
F18:[182,25,128,4,75,234,195,174,133]
F19:[178,35,128,42,75,224,199,175,124]
F20:[189,26,128,12,62,224,197,175,139]
F21:[191,42,128,10,50,209,191,175,130]
F22:[190,42,128,178,50,214,180,172,127]
F23:[187,19,126,22,75,224,195,175,125]
F24:[189,41,126,34,37,234,199,174,130]
F25:[190,33,126,4,101,219,182,173,129]
F26:[190,19,128,6,88,204,191,179,128]
F27:[189,28,126,12,50,234,191,173,127]
F28:[185,5,128,4,88,219,189,177,124]
F29:[186,12,128,100,88,198,197,176,129]
F30:[189,30,128,24,11,229,187,176,131]
F31:[194,39,128,166,75,183,180,173,133]
F32:[187,47,126,36,75,224,208,173,121]
F33:[188,16,128,74,50,239,182,172,129]
F34:[188,32,128,24,255,214,195,176,128]
F35:[190,43,128,166,37,219,187,174,130]
F36:[187,35,126,8,62,219,201,176,125]
F37:[186,29,128,24,11,209,204,175,127]
F38:[189,10,128,38,62,193,195,175,131]
F39:[185,15,126,16,62,214,195,173,124]
=== SAMPLE 1 STOP ===
