=== SAMPLE 28 START ===
F0:[195,61,128,244,40,28,1,102]
F1:[172,54,130,142,54,16,5,106]
F2:[189,60,128,116,34,12,11,108]
F3:[177,48,128,142,21,33,12,107]
F4:[180,64,132,176,32,27,3,110]
F5:[115,26,126,150,35,3,10,100]
F6:[109,25,128,154,61,0,13,104]
F7:[108,31,124,126,35,29,6,98]
F8:[118,45,124,36,2,29,16,110]
F9:[116,41,124,8,5,20,3,101]
F10:[172,39,124,12,0,6,8,101]
F11:[195,61,126,164,47,28,11,98]
F12:[193,51,130,160,0,28,7,103]
F13:[186,55,128,134,38,21,10,98]
F14:[178,49,132,150,17,2,7,98]
F15:[132,40,128,94,35,14,2,105]
F16:[103,25,132,232,21,28,16,112]
F17:[118,42,132,78,38,19,15,106]
F18:[116,33,128,208,44,6,14,103]
F19:[119,39,126,16,7,19,10,109]
F20:[150,27,126,144,20,7,5,107]
F21:[188,47,124,126,20,16,10,112]
F22:[187,34,128,224,61,5,8,109]
F23:[186,28,124,22,49,16,12,110]
F24:[184,2,128,198,27,27,4,102]
F25:[185,15,126,8,35,6,10,100]
F26:[183,0,126,90,59,4,13,107]
F27:[184,0,130,134,57,5,8,109]
F28:[188,25,126,96,9,12,6,107]
F29:[182,5,128,190,12,5,13,106]
F30:[182,7,130,220,30,7,5,108]
F31:[187,42,126,178,61,16,9,98]
F32:[179,41,124,8,3,0,5,103]
F33:[186,30,128,128,26,29,11,109]
F34:[186,19,126,22,24,12,9,101]
F35:[187,30,132,216,0,35,13,103]
F36:[184,0,128,120,30,28,15,98]
F37:[183,0,128,22,37,4,11,100]
F38:[182,0,126,106,22,23,1,104]
F39:[180,0,128,42,20,8,12,107]
=== SAMPLE 28 STOP ===
