=== SAMPLE 29 START ===
F0:[197,61,130,226,10,10,7,113]
F1:[197,33,128,92,12,36,15,106]
F2:[175,63,126,142,4,13,10,102]
F3:[185,0,130,92,53,25,16,113]
F4:[184,0,128,80,22,7,16,100]
F5:[184,73,128,148,34,29,5,112]
F6:[173,80,124,26,56,18,9,107]
F7:[184,64,128,70,46,25,12,107]
F8:[181,0,132,164,30,1,12,108]
F9:[182,0,122,68,34,20,3,111]
F10:[195,44,130,242,16,33,8,102]
F11:[197,51,130,190,45,23,11,109]
F12:[195,29,126,104,49,28,11,107]
F13:[193,48,122,60,20,19,7,110]
F14:[191,41,126,132,56,9,3,110]
F15:[184,55,124,248,8,15,3,104]
F16:[184,87,126,108,62,8,8,118]
F17:[187,83,128,234,31,3,16,107]
F18:[186,15,126,58,10,17,7,105]
F19:[181,0,128,102,27,35,6,107]
F20:[185,20,128,14,17,20,13,106]
F21:[188,24,132,138,55,1,10,111]
F22:[188,35,126,52,41,10,12,102]
F23:[181,10,120,90,47,15,0,108]
F24:[181,5,126,148,3,2,8,108]
F25:[188,7,126,56,61,24,10,104]
F26:[186,0,126,10,8,2,8,105]
F27:[186,0,128,50,43,12,13,102]
F28:[183,30,130,120,45,29,16,112]
F29:[183,17,124,30,52,10,10,106]
F30:[182,17,126,232,1,36,9,110]
F31:[188,33,124,116,53,2,7,105]
F32:[188,32,132,208,39,12,16,112]
F33:[189,15,124,108,52,12,6,101]
F34:[183,5,126,12,58,24,6,108]
F35:[182,5,126,74,35,28,7,105]
F36:[186,0,124,102,52,1,12,106]
F37:[185,5,130,136,56,10,7,112]
F38:[182,20,128,212,32,28,3,110]
F39:[183,34,128,116,29,0,11,105]
=== SAMPLE 29 STOP ===
