=== SAMPLE 4 (Start2) START ===
F0:[101,69,126,16,62,234,193,171,44]
F1:[112,87,128,128,62,224,184,176,139]
F2:[104,79,126,82,50,198,199,176,120]
F3:[92,62,126,98,50,234,184,174,116]
F4:[106,74,126,8,62,214,187,173,142]
F5:[157,44,126,156,62,219,201,175,179]
F6:[161,42,126,22,62,219,195,176,132]
F7:[146,44,126,60,75,224,195,177,113]
F8:[165,48,126,40,62,204,212,179,147]
F9:[157,47,126,20,62,224,199,170,120]
F10:[116,64,128,34,37,214,197,170,87]
F11:[111,82,126,20,11,229,195,174,123]
F12:[112,86,124,10,62,244,210,176,129]
F13:[104,58,128,208,62,214,193,175,120]
F14:[96,66,126,4,101,234,199,175,120]
F15:[152,63,128,42,62,209,199,173,184]
F16:[162,46,128,130,75,224,197,176,138]
F17:[160,44,126,68,62,224,191,175,126]
F18:[157,52,126,86,62,219,197,174,125]
F19:[149,41,126,132,50,214,193,172,120]
F20:[172,23,126,26,62,224,197,174,151]
F21:[192,24,126,66,62,224,199,173,148]
F22:[191,83,128,82,50,204,195,175,127]
F23:[180,0,128,90,24,219,197,177,117]
F24:[179,3,128,24,37,224,197,173,127]
F25:[189,85,128,32,37,224,199,173,138]
F26:[191,15,126,152,50,219,191,170,130]
F27:[192,20,128,54,50,209,191,172,129]
F28:[185,28,128,44,62,229,191,174,121]
F29:[185,53,126,34,62,214,197,176,128]
F30:[184,10,128,4,62,229,187,174,127]
F31:[193,48,128,74,62,224,187,179,137]
F32:[192,94,128,128,37,224,191,177,127]
F33:[182,0,128,104,62,198,191,170,118]
F34:[180,14,126,16,37,234,199,176,126]
F35:[189,88,128,24,88,224,191,173,137]
F36:[192,19,126,4,101,209,189,170,131]
F37:[192,17,128,10,50,234,199,177,128]
F38:[188,51,128,56,50,198,199,176,124]
F39:[188,64,126,22,50,229,204,175,128]
=== SAMPLE 4 STOP ===
