=== SAMPLE 25 START ===
F0:[181,5,126,144,45,36,9,107]
F1:[187,7,128,246,1,3,3,105]
F2:[186,6,128,196,62,23,12,102]
F3:[191,69,126,204,54,6,11,110]
F4:[192,26,124,188,46,23,9,104]
F5:[187,102,124,86,58,18,3,109]
F6:[187,103,124,170,30,19,17,109]
F7:[185,75,134,208,11,8,6,106]
F8:[180,10,126,172,52,28,14,100]
F9:[180,5,124,26,5,8,10,103]
F10:[182,14,126,116,52,19,9,105]
F11:[183,5,124,12,25,20,1,108]
F12:[189,14,132,208,30,3,16,114]
F13:[192,25,128,52,1,30,1,108]
F14:[191,30,120,20,1,26,6,102]
F15:[188,78,124,76,12,28,4,107]
F16:[186,105,128,230,38,33,11,110]
F17:[188,102,124,40,29,6,3,103]
F18:[186,2,128,48,29,9,16,110]
F19:[181,7,130,58,33,4,14,109]
F20:[185,11,124,50,23,30,13,105]
F21:[192,16,124,18,46,29,1,102]
F22:[186,34,122,24,52,19,11,100]
F23:[181,29,128,238,55,31,11,108]
F24:[185,2,126,62,30,0,3,105]
F25:[184,2,126,108,17,4,2,104]
F26:[185,10,124,180,57,12,8,105]
F27:[185,2,128,150,55,16,9,112]
F28:[187,64,126,158,59,35,9,109]
F29:[187,79,126,106,13,30,7,107]
F30:[173,28,126,20,27,36,1,106]
F31:[191,16,126,4,60,7,5,104]
F32:[191,12,122,182,13,25,4,103]
F33:[185,20,126,48,60,10,11,103]
F34:[178,23,126,74,5,12,3,101]
F35:[184,2,128,50,34,18,2,107]
F36:[185,2,126,64,63,25,2,109]
F37:[185,5,126,242,46,16,7,105]
F38:[172,23,128,140,23,24,5,106]
F39:[188,84,126,110,8,4,7,107]
=== SAMPLE 25 STOP ===
