=== SAMPLE 17 START ===
F0:[193,47,126,194,28,28,8,104]
F1:[192,49,126,184,34,18,15,102]
F2:[190,69,122,182,53,21,10,102]
F3:[189,17,128,22,48,31,0,106]
F4:[190,20,126,132,17,26,7,99]
F5:[188,25,126,162,11,25,2,104]
F6:[188,32,128,82,47,26,6,110]
F7:[166,29,128,126,19,25,10,107]
F8:[115,34,126,186,63,27,13,103]
F9:[116,43,124,14,30,21,11,102]
F10:[182,57,124,186,48,27,6,105]
F11:[193,49,126,234,40,1,12,96]
F12:[192,41,128,16,14,19,0,102]
F13:[192,52,124,166,42,15,3,104]
F14:[190,38,124,8,16,7,10,103]
F15:[188,30,126,74,14,3,14,101]
F16:[188,21,128,234,22,31,8,102]
F17:[166,61,132,192,50,10,10,106]
F18:[112,35,126,8,0,15,15,103]
F19:[114,34,130,242,6,21,5,111]
F20:[155,46,126,194,34,4,6,104]
F21:[191,51,124,14,19,16,1,100]
F22:[190,41,128,46,59,23,3,104]
F23:[183,5,128,80,32,32,4,109]
F24:[183,2,132,190,10,30,2,107]
F25:[180,89,128,180,48,32,13,107]
F26:[190,76,126,160,45,34,15,105]
F27:[193,106,124,226,36,3,7,108]
F28:[184,17,130,228,34,0,2,109]
F29:[190,43,128,28,24,30,13,100]
F30:[187,25,130,190,26,18,5,111]
F31:[190,38,130,224,24,23,0,105]
F32:[192,61,128,200,62,20,9,111]
F33:[178,46,130,214,27,27,14,106]
F34:[184,2,128,250,0,22,11,108]
F35:[185,19,130,162,11,1,7,117]
F36:[192,99,120,6,21,3,12,100]
F37:[190,75,128,110,47,7,6,111]
F38:[186,30,124,156,13,30,15,99]
F39:[184,5,128,74,22,6,14,111]
=== SAMPLE 17 STOP ===
