=== SAMPLE 5 (Start2) START ===
F0:[111,51,126,34,62,224,201,173,51]
F1:[135,102,126,66,62,209,201,176,152]
F2:[106,70,126,6,88,219,191,174,99]
F3:[109,62,126,130,62,229,193,175,131]
F4:[126,70,126,124,37,229,182,172,145]
F5:[187,41,128,42,75,214,208,175,189]
F6:[193,23,128,78,37,219,197,177,134]
F7:[189,41,128,118,50,219,178,176,124]
F8:[183,28,126,88,50,224,201,173,122]
F9:[187,23,126,178,62,234,197,170,132]
F10:[126,42,128,30,24,224,195,175,67]
F11:[130,74,128,26,37,183,193,175,132]
F12:[116,87,128,166,62,193,191,178,114]
F13:[101,53,128,8,75,229,187,177,113]
F14:[108,66,126,8,88,219,197,175,135]
F15:[175,55,124,6,88,219,191,167,195]
F16:[193,28,126,14,62,224,187,176,146]
F17:[190,25,130,72,37,183,189,175,125]
F18:[184,26,128,240,62,204,187,174,122]
F19:[186,29,126,48,24,214,199,175,130]
F20:[187,15,128,124,37,209,184,173,129]
F21:[194,34,128,100,50,209,197,176,135]
F22:[195,85,126,26,62,224,204,177,129]
F23:[182,0,128,10,50,209,191,173,115]
F24:[182,8,128,136,62,214,195,177,128]
F25:[190,83,128,122,24,209,191,176,136]
F26:[194,28,126,38,37,204,206,174,132]
F27:[193,41,128,16,50,219,187,173,127]
F28:[187,34,128,48,50,214,195,177,122]
F29:[188,52,128,78,50,214,201,180,129]
F30:[186,20,128,40,50,214,201,175,126]
F31:[195,42,126,60,75,229,189,173,137]
F32:[194,84,128,32,75,219,189,180,127]
F33:[185,0,128,14,24,229,193,175,119]
F34:[183,32,126,10,50,229,193,175,126]
F35:[188,75,126,16,62,229,197,175,133]
F36:[194,52,128,184,75,204,199,173,134]
F37:[194,28,126,6,88,193,199,171,128]
F38:[191,51,126,42,37,229,201,172,125]
F39:[187,62,128,24,62,219,197,177,124]
=== SAMPLE 5 STOP ===
