=== SAMPLE 18 START ===
F0:[190,30,126,96,8,27,9,111]
F1:[181,73,132,58,31,27,8,109]
F2:[184,28,126,156,7,27,14,101]
F3:[174,7,128,18,42,3,1,100]
F4:[175,15,126,78,49,8,6,106]
F5:[192,48,132,96,26,26,1,110]
F6:[190,33,128,86,17,21,4,102]
F7:[187,38,130,226,21,21,8,107]
F8:[181,11,128,30,37,22,8,99]
F9:[187,66,126,124,46,13,5,106]
F10:[188,25,124,206,58,32,4,109]
F11:[190,35,128,100,26,14,0,106]
F12:[186,20,122,22,48,9,16,96]
F13:[184,3,128,136,61,28,11,108]
F14:[176,7,126,36,39,24,0,101]
F15:[185,35,128,194,49,22,0,113]
F16:[192,48,128,188,0,16,14,102]
F17:[174,77,124,62,26,4,0,109]
F18:[179,7,128,50,3,5,5,108]
F19:[181,15,124,164,19,24,0,100]
F20:[173,11,126,70,36,33,12,106]
F21:[165,28,124,104,30,29,12,104]
F22:[166,26,124,224,0,13,3,104]
F23:[178,1,128,174,29,11,12,103]
F24:[180,23,128,146,39,6,4,111]
F25:[183,17,124,114,6,30,5,106]
F26:[182,0,128,56,43,11,16,109]
F27:[183,0,124,68,53,20,2,104]
F28:[167,10,128,242,25,19,2,109]
F29:[162,23,126,58,25,35,13,109]
F30:[174,3,128,72,35,24,13,108]
F31:[167,25,128,234,48,3,0,105]
F32:[167,20,126,210,46,22,7,107]
F33:[178,28,126,238,4,9,10,110]
F34:[177,0,126,110,59,22,5,107]
F35:[177,0,124,72,10,2,10,107]
F36:[183,0,126,90,26,27,9,102]
F37:[182,0,128,22,7,5,8,100]
F38:[179,0,130,158,12,1,11,111]
F39:[176,0,124,24,2,2,2,102]
=== SAMPLE 18 STOP ===
