=== SAMPLE 22 START ===
F0:[187,58,130,142,28,14,8,107]
F1:[186,57,126,24,36,29,3,106]
F2:[178,63,126,236,58,1,4,109]
F3:[183,14,126,84,4,17,15,106]
F4:[184,25,130,100,35,12,9,108]
F5:[148,15,122,178,25,34,12,98]
F6:[139,25,130,126,40,9,6,109]
F7:[129,25,126,58,38,11,11,113]
F8:[96,36,130,144,59,8,5,104]
F9:[115,52,124,140,60,10,3,104]
F10:[172,55,124,126,59,36,15,104]
F11:[188,66,126,50,20,17,9,106]
F12:[186,43,128,180,32,11,13,112]
F13:[186,24,128,134,42,28,16,111]
F14:[184,32,130,72,29,20,11,116]
F15:[155,21,128,230,59,33,1,104]
F16:[144,19,126,4,1,21,0,109]
F17:[136,55,126,128,28,13,3,107]
F18:[109,53,128,182,12,36,7,111]
F19:[98,36,126,88,61,6,4,111]
F20:[144,15,126,100,10,9,2,103]
F21:[183,0,124,84,5,15,0,102]
F22:[183,0,124,26,55,25,8,98]
F23:[184,30,130,32,47,18,3,106]
F24:[182,15,128,212,27,35,4,107]
F25:[174,12,130,140,33,32,12,111]
F26:[185,5,130,20,3,9,7,106]
F27:[184,2,128,82,49,10,14,101]
F28:[184,2,128,224,37,23,11,105]
F29:[190,0,126,10,12,14,7,107]
F30:[183,0,124,86,49,3,11,105]
F31:[183,0,126,66,43,32,12,101]
F32:[183,0,130,108,23,29,5,105]
F33:[172,18,128,246,57,8,0,106]
F34:[184,29,122,52,33,9,0,108]
F35:[182,15,126,110,55,10,7,105]
F36:[185,5,126,234,59,29,10,104]
F37:[175,30,134,134,32,21,15,107]
F38:[185,2,126,12,43,17,0,106]
F39:[184,0,126,24,47,27,3,105]
=== SAMPLE 22 STOP ===
