=== SAMPLE 13 START ===
F0:[156,0,130,114,59,24,7,103]
F1:[155,0,130,40,54,17,16,103]
F2:[164,0,126,116,25,0,3,104]
F3:[180,0,124,80,55,9,10,99]
F4:[177,0,130,60,38,11,11,106]
F5:[193,7,130,136,52,15,4,106]
F6:[195,7,128,188,54,28,1,104]
F7:[193,44,130,148,40,17,7,109]
F8:[190,140,126,112,44,4,16,110]
F9:[188,75,126,70,34,36,13,106]
F10:[164,39,130,232,29,35,11,106]
F11:[157,0,128,154,36,17,8,108]
F12:[159,0,126,18,22,33,6,110]
F13:[178,2,124,74,30,36,15,104]
F14:[178,0,128,66,24,29,7,108]
F15:[190,5,126,6,33,29,16,113]
F16:[196,10,126,246,64,33,8,106]
F17:[194,23,124,134,8,29,1,105]
F18:[189,137,130,250,34,4,14,108]
F19:[190,144,128,224,29,31,9,104]
F20:[182,87,128,80,52,25,5,106]
F21:[178,44,126,250,58,33,9,105]
F22:[177,47,132,22,21,31,6,105]
F23:[182,15,126,184,8,11,9,106]
F24:[189,39,128,184,46,13,0,108]
F25:[189,29,128,48,63,17,15,106]
F26:[195,41,130,144,52,20,12,103]
F27:[195,43,124,8,61,31,3,101]
F28:[176,42,128,94,43,12,15,106]
F29:[185,7,124,232,45,20,11,112]
F30:[183,12,126,88,63,1,10,101]
F31:[177,43,130,160,57,3,8,107]
F32:[173,65,128,172,54,10,16,103]
F33:[186,51,130,228,45,8,10,102]
F34:[182,7,126,82,63,14,13,110]
F35:[186,15,128,54,19,13,7,101]
F36:[195,43,124,28,46,20,5,102]
F37:[195,43,130,120,11,10,10,114]
F38:[189,20,126,18,37,26,1,105]
F39:[185,0,124,138,6,14,10,105]
=== SAMPLE 13 STOP ===
