=== SAMPLE 30 START ===
F0:[158,77,130,160,60,31,13,107]
F1:[179,69,130,108,19,20,13,108]
F2:[183,42,124,80,27,36,1,105]
F3:[190,38,130,222,38,9,11,106]
F4:[190,57,124,56,6,2,15,97]
F5:[127,26,126,80,20,29,12,107]
F6:[113,23,124,34,47,15,14,104]
F7:[115,25,126,140,33,3,9,108]
F8:[128,35,130,236,43,29,8,111]
F9:[125,34,130,244,17,28,12,109]
F10:[159,50,128,126,61,18,15,109]
F11:[177,51,128,86,17,21,11,111]
F12:[180,56,126,192,20,2,2,112]
F13:[192,41,130,132,26,27,10,106]
F14:[189,29,128,138,54,22,1,107]
F15:[146,37,126,184,29,22,11,106]
F16:[120,23,128,150,52,26,16,108]
F17:[114,26,122,6,60,13,4,105]
F18:[108,30,124,154,20,7,9,105]
F19:[109,31,128,76,54,20,5,110]
F20:[154,20,126,108,13,3,14,108]
F21:[187,5,130,54,52,14,3,114]
F22:[186,2,124,28,57,29,15,107]
F23:[183,23,128,178,40,1,8,106]
F24:[182,17,128,230,24,15,10,105]
F25:[187,17,124,64,4,13,9,103]
F26:[188,25,124,110,33,7,6,105]
F27:[188,20,126,220,54,14,12,107]
F28:[189,47,128,98,25,2,6,114]
F29:[188,2,130,48,44,27,0,107]
F30:[187,5,126,12,26,13,7,108]
F31:[186,2,128,114,27,1,10,107]
F32:[182,16,124,198,27,6,8,107]
F33:[187,17,124,246,53,18,13,103]
F34:[188,25,126,250,48,24,2,103]
F35:[187,7,122,42,45,0,1,105]
F36:[188,21,124,212,3,1,8,106]
F37:[187,15,128,122,14,8,2,105]
F38:[188,15,128,86,24,8,1,110]
F39:[190,38,122,24,27,28,1,106]
=== SAMPLE 30 STOP ===
