=== SAMPLE 0 (Start2) START ===
F0:[142,58,126,40,37,214,201,173,86]
F1:[177,70,126,22,37,234,199,172,163]
F2:[162,55,128,54,50,219,182,178,113]
F3:[148,51,128,40,75,188,201,174,114]
F4:[171,60,128,110,62,224,184,175,151]
F5:[165,66,128,4,101,209,187,179,122]
F6:[192,0,128,86,24,209,191,177,155]
F7:[178,26,128,138,50,209,187,174,114]
F8:[159,69,126,98,24,214,201,173,109]
F9:[180,0,128,48,50,219,195,175,149]
F10:[160,35,128,124,255,234,182,177,108]
F11:[180,61,128,142,62,219,191,175,148]
F12:[155,62,128,86,242,219,189,176,103]
F13:[145,47,128,98,11,224,195,176,118]
F14:[167,76,128,158,50,209,191,176,150]
F15:[170,60,128,48,75,198,193,172,131]
F16:[192,0,128,8,75,224,187,177,150]
F17:[182,35,128,108,62,209,184,170,118]
F18:[167,46,126,110,24,224,197,172,113]
F19:[178,2,128,46,37,224,193,178,139]
F20:[188,12,126,184,75,224,191,172,138]
F21:[196,62,126,6,88,229,189,172,136]
F22:[194,42,126,16,37,229,199,176,126]
F23:[186,39,128,180,62,209,197,177,120]
F24:[187,44,128,32,37,229,191,173,129]
F25:[190,39,126,64,50,229,191,174,131]
F26:[192,19,128,52,62,204,184,173,130]
F27:[192,21,128,46,37,219,191,178,128]
F28:[186,49,128,112,50,214,178,170,122]
F29:[180,14,128,24,24,219,197,173,122]
F30:[185,21,126,136,50,219,184,167,133]
F31:[196,57,128,94,75,224,189,174,139]
F32:[195,41,128,16,24,224,191,171,127]
F33:[188,28,126,92,37,234,184,174,121]
F34:[186,41,126,36,75,229,210,173,126]
F35:[188,65,128,128,75,219,197,178,130]
F36:[191,12,128,46,50,214,199,178,131]
F37:[192,37,128,18,62,219,193,175,129]
F38:[188,55,126,104,62,229,191,174,124]
F39:[181,25,126,16,37,229,195,175,121]
=== SAMPLE 0 STOP ===
