=== SAMPLE 15 START ===
F0:[174,29,126,242,42,35,1,104]
F1:[178,35,124,20,50,29,1,104]
F2:[175,85,126,202,17,16,8,107]
F3:[191,70,126,92,34,16,7,104]
F4:[189,64,124,54,61,28,2,102]
F5:[116,30,130,148,38,26,14,106]
F6:[108,38,130,202,10,29,0,111]
F7:[98,38,130,160,9,31,4,106]
F8:[90,41,132,248,11,2,14,109]
F9:[89,47,122,212,9,5,12,105]
F10:[165,44,124,16,56,14,7,105]
F11:[173,17,130,114,36,4,6,106]
F12:[180,48,126,110,40,31,1,106]
F13:[187,74,124,18,33,23,2,104]
F14:[187,74,130,248,2,33,12,106]
F15:[137,39,128,186,60,3,0,107]
F16:[107,35,126,46,33,4,13,112]
F17:[106,37,130,210,54,18,17,112]
F18:[109,59,126,200,40,15,4,103]
F19:[90,41,128,82,17,12,6,107]
F20:[138,28,128,132,48,20,14,104]
F21:[186,10,124,148,58,29,7,101]
F22:[187,20,128,222,33,5,14,101]
F23:[184,53,122,116,28,16,4,107]
F24:[184,56,128,28,28,27,14,101]
F25:[178,58,128,112,54,6,6,107]
F26:[189,0,128,88,53,6,13,104]
F27:[188,0,128,148,48,28,11,107]
F28:[193,20,126,184,38,17,7,103]
F29:[192,20,126,236,58,24,0,107]
F30:[190,15,130,244,6,31,16,109]
F31:[187,20,126,164,10,4,9,105]
F32:[186,14,126,34,42,15,15,108]
F33:[179,75,124,224,25,21,2,100]
F34:[184,46,126,204,47,27,9,106]
F35:[185,53,126,200,42,34,10,112]
F36:[188,0,124,94,2,8,3,102]
F37:[187,2,130,140,16,18,8,108]
F38:[190,12,128,244,42,35,16,97]
F39:[193,23,120,12,58,34,12,98]
=== SAMPLE 15 STOP ===
