=== SAMPLE 3 (Start2) START ===
F0:[130,73,126,4,101,214,197,174,70]
F1:[88,47,128,58,24,214,184,176,86]
F2:[89,56,128,80,50,204,189,176,129]
F3:[122,88,128,92,37,193,197,172,161]
F4:[100,68,128,20,50,229,184,180,106]
F5:[168,76,128,72,62,214,191,176,196]
F6:[180,80,128,112,37,224,178,175,140]
F7:[150,59,128,60,24,224,199,174,98]
F8:[167,76,128,118,24,198,184,173,145]
F9:[163,94,128,58,50,219,193,175,124]
F10:[143,71,126,4,101,219,189,180,108]
F11:[85,47,128,90,50,219,197,173,70]
F12:[90,57,126,44,62,224,201,173,133]
F13:[131,78,126,4,101,214,195,175,169]
F14:[106,59,128,154,88,188,193,174,103]
F15:[140,72,126,16,37,229,208,172,162]
F16:[162,80,128,80,62,209,197,175,150]
F17:[164,47,126,52,75,214,201,175,130]
F18:[172,97,126,10,50,239,191,175,136]
F19:[168,74,126,94,88,214,195,171,124]
F20:[189,60,128,78,62,198,187,177,149]
F21:[192,8,126,28,75,219,193,172,131]
F22:[192,8,128,32,50,234,195,175,128]
F23:[188,79,126,18,50,234,201,174,124]
F24:[186,53,128,126,75,204,195,176,126]
F25:[187,15,126,42,50,214,199,175,129]
F26:[196,24,128,48,37,209,191,173,137]
F27:[197,53,128,70,24,198,189,176,129]
F28:[186,15,128,32,75,224,201,171,117]
F29:[186,38,126,34,37,204,191,170,128]
F30:[190,75,126,28,37,219,199,175,132]
F31:[193,7,126,28,50,224,199,175,131]
F32:[192,10,128,116,50,209,184,173,127]
F33:[188,80,126,18,37,214,199,174,124]
F34:[184,51,126,18,62,239,193,176,124]
F35:[184,7,128,10,50,234,195,176,128]
F36:[195,37,126,4,37,214,191,172,139]
F37:[197,58,128,62,24,214,195,178,130]
F38:[188,30,126,42,50,219,195,173,119]
F39:[185,24,126,14,37,234,193,172,125]
=== SAMPLE 3 STOP ===
