=== SAMPLE 24 START ===
F0:[102,0,124,214,60,31,9,104]
F1:[121,70,122,88,22,5,10,106]
F2:[112,5,124,192,9,22,11,104]
F3:[127,0,128,186,15,27,15,109]
F4:[126,0,130,220,18,16,7,106]
F5:[154,0,128,52,50,32,4,103]
F6:[150,0,126,236,38,34,11,104]
F7:[157,0,126,42,13,5,7,100]
F8:[170,0,130,226,57,5,3,102]
F9:[175,15,128,228,25,24,10,107]
F10:[119,0,130,196,26,35,0,106]
F11:[102,0,128,210,49,19,15,101]
F12:[109,0,130,244,6,30,17,110]
F13:[132,0,130,196,55,9,4,111]
F14:[127,0,130,8,31,24,14,109]
F15:[142,0,124,52,56,32,8,110]
F16:[151,0,128,234,30,14,4,107]
F17:[152,44,126,226,6,24,11,106]
F18:[170,0,126,14,6,2,8,102]
F19:[170,0,128,180,62,2,14,108]
F20:[177,2,126,146,28,17,10,103]
F21:[183,17,128,186,43,25,1,106]
F22:[183,2,124,148,21,32,12,108]
F23:[190,35,128,4,25,26,14,117]
F24:[190,20,128,142,39,28,3,107]
F25:[188,23,130,238,42,24,9,115]
F26:[186,15,130,96,31,34,15,105]
F27:[185,7,128,132,17,25,11,107]
F28:[187,83,128,232,43,9,7,99]
F29:[178,44,128,146,58,6,1,102]
F30:[189,66,128,28,36,1,2,108]
F31:[183,2,126,210,61,30,10,99]
F32:[184,5,126,80,56,18,3,102]
F33:[189,41,126,172,63,30,13,110]
F34:[190,28,124,86,61,14,1,107]
F35:[188,17,128,244,25,4,4,109]
F36:[185,7,126,58,56,13,15,103]
F37:[184,23,124,40,44,36,14,106]
F38:[189,60,124,72,40,6,14,109]
F39:[191,99,128,64,23,4,16,109]
=== SAMPLE 24 STOP ===
