=== SAMPLE 26 START ===
F0:[189,87,124,8,9,10,12,109]
F1:[190,97,126,160,5,9,5,108]
F2:[192,76,124,38,55,0,6,104]
F3:[190,26,128,164,17,9,6,103]
F4:[195,24,128,236,30,32,13,111]
F5:[116,21,126,74,16,14,13,108]
F6:[108,24,128,238,4,9,9,103]
F7:[122,64,128,4,15,28,0,107]
F8:[94,38,124,118,26,36,14,108]
F9:[93,36,128,196,39,19,11,107]
F10:[169,83,132,218,63,17,0,111]
F11:[167,77,128,50,13,5,9,107]
F12:[191,94,128,18,31,21,2,110]
F13:[194,20,126,178,55,7,16,109]
F14:[194,25,126,146,36,32,16,105]
F15:[138,30,122,114,52,25,10,99]
F16:[106,23,126,70,60,14,9,106]
F17:[104,27,128,208,40,0,1,109]
F18:[97,45,130,140,51,34,12,106]
F19:[109,42,128,94,20,7,13,106]
F20:[149,58,126,212,54,15,11,107]
F21:[193,66,128,150,11,2,16,110]
F22:[195,85,126,8,8,25,12,107]
F23:[175,60,126,138,51,23,10,106]
F24:[187,99,126,158,18,10,8,109]
F25:[186,67,128,224,22,21,2,101]
F26:[187,20,124,112,36,27,2,106]
F27:[187,28,130,168,31,29,1,101]
F28:[182,2,124,8,16,14,16,109]
F29:[181,0,130,212,25,22,7,105]
F30:[186,20,126,4,5,11,8,105]
F31:[195,82,126,68,34,13,8,115]
F32:[194,75,130,216,54,33,0,99]
F33:[189,101,126,94,62,19,11,103]
F34:[175,59,126,210,46,9,1,100]
F35:[175,72,126,16,14,25,8,105]
F36:[187,20,126,196,54,29,9,107]
F37:[187,25,126,172,21,0,6,108]
F38:[186,15,130,146,46,22,6,100]
F39:[184,7,124,76,60,29,5,102]
=== SAMPLE 26 STOP ===
