=== SAMPLE 3 START ===
F0:[157,0,130,68,46,30,0,104]
F1:[161,0,128,120,13,12,13,108]
F2:[159,16,124,82,46,20,7,100]
F3:[169,19,130,162,40,27,12,111]
F4:[141,28,124,62,45,6,8,110]
F5:[96,39,124,40,34,1,14,106]
F6:[98,42,126,158,41,0,3,114]
F7:[100,51,124,64,46,3,15,109]
F8:[98,60,130,118,44,8,9,102]
F9:[102,46,128,38,43,27,14,108]
F10:[145,11,134,186,22,26,11,105]
F11:[142,45,128,22,61,17,1,105]
F12:[162,11,128,36,29,6,11,107]
F13:[140,26,134,142,1,4,15,106]
F14:[152,35,120,94,53,17,9,103]
F15:[124,37,126,198,29,15,8,103]
F16:[94,39,130,146,3,6,3,110]
F17:[101,45,128,84,4,0,7,109]
F18:[99,45,124,6,33,27,0,109]
F19:[89,60,128,150,62,2,3,108]
F20:[143,50,124,150,61,26,2,109]
F21:[186,74,126,102,47,27,8,101]
F22:[185,56,126,230,62,35,9,112]
F23:[183,48,132,166,50,5,2,102]
F24:[186,37,128,234,57,17,7,109]
F25:[186,20,126,140,6,35,10,105]
F26:[185,0,126,130,11,4,10,108]
F27:[172,26,128,44,0,7,9,102]
F28:[186,12,128,136,11,28,4,109]
F29:[187,14,124,74,22,16,13,99]
F30:[187,43,122,28,59,29,7,108]
F31:[180,67,128,136,49,30,8,112]
F32:[186,61,126,218,7,9,14,109]
F33:[186,46,130,206,12,5,3,97]
F34:[186,15,128,112,33,6,14,110]
F35:[186,20,126,86,46,29,10,115]
F36:[185,0,124,28,48,27,12,111]
F37:[185,0,126,210,25,23,11,109]
F38:[188,0,128,132,43,17,15,107]
F39:[191,12,128,210,50,12,2,106]
=== SAMPLE 3 STOP ===
