=== SAMPLE 21 START ===
F0:[183,51,130,242,2,13,9,103]
F1:[183,47,126,16,52,7,6,107]
F2:[187,51,128,78,56,15,16,110]
F3:[190,28,126,36,28,5,8,104]
F4:[188,7,128,172,39,12,10,116]
F5:[185,0,126,102,50,35,9,106]
F6:[184,0,128,94,45,15,7,108]
F7:[154,47,124,160,16,17,13,108]
F8:[89,43,128,192,31,9,10,101]
F9:[90,40,130,222,35,12,14,105]
F10:[160,52,126,64,7,19,15,104]
F11:[172,51,124,206,18,17,6,101]
F12:[184,49,128,72,45,30,12,105]
F13:[188,7,126,12,25,8,3,108]
F14:[188,20,128,114,29,15,6,103]
F15:[187,10,128,16,28,11,2,103]
F16:[185,0,126,164,1,14,9,108]
F17:[177,5,128,202,41,27,8,111]
F18:[105,54,126,30,51,23,1,106]
F19:[109,42,126,216,54,32,0,108]
F20:[142,21,124,220,42,18,12,109]
F21:[190,12,126,174,16,26,14,102]
F22:[189,15,132,62,26,2,8,112]
F23:[169,29,124,118,45,36,12,104]
F24:[186,10,126,138,58,7,5,103]
F25:[184,7,128,84,44,2,16,102]
F26:[181,2,132,198,30,4,1,102]
F27:[178,11,130,248,19,27,15,105]
F28:[185,5,128,18,39,23,13,111]
F29:[185,10,128,204,27,24,12,103]
F30:[186,7,124,48,55,13,3,103]
F31:[187,17,128,156,12,21,8,103]
F32:[189,7,132,120,12,21,5,109]
F33:[187,12,124,232,55,33,15,106]
F34:[172,23,126,32,38,10,12,110]
F35:[174,21,128,162,44,28,16,104]
F36:[181,5,124,26,21,26,4,100]
F37:[182,5,122,26,51,10,5,104]
F38:[184,10,124,128,14,0,2,106]
F39:[185,10,124,78,63,8,0,109]
=== SAMPLE 21 STOP ===
