=== SAMPLE 19 START ===
F0:[186,137,126,148,55,30,11,106]
F1:[178,117,130,4,15,22,7,109]
F2:[182,78,126,120,56,36,13,99]
F3:[177,7,126,134,0,15,1,111]
F4:[177,7,124,42,30,0,1,106]
F5:[126,28,122,50,36,24,3,102]
F6:[123,24,124,170,49,2,1,102]
F7:[109,28,132,148,38,35,9,110]
F8:[103,38,128,120,38,35,12,106]
F9:[125,43,128,184,62,11,12,104]
F10:[165,115,124,90,50,29,4,104]
F11:[186,135,124,70,45,32,1,106]
F12:[184,111,124,92,58,15,1,117]
F13:[184,15,130,100,31,24,1,111]
F14:[178,10,126,30,48,33,2,105]
F15:[141,20,128,186,61,27,4,103]
F16:[119,21,128,168,53,9,15,107]
F17:[135,71,128,212,40,25,8,103]
F18:[94,37,122,86,61,24,6,109]
F19:[100,38,128,130,26,34,13,108]
F20:[143,15,124,48,10,9,5,107]
F21:[169,30,122,92,60,14,9,102]
F22:[185,0,126,182,51,12,12,107]
F23:[186,28,126,62,42,23,14,102]
F24:[189,37,128,142,32,11,1,108]
F25:[183,24,128,18,52,23,9,106]
F26:[189,12,128,12,16,24,3,111]
F27:[189,10,120,228,60,23,14,104]
F28:[186,43,128,218,16,2,2,104]
F29:[182,75,128,52,29,8,9,115]
F30:[187,25,128,140,39,9,14,109]
F31:[185,0,128,244,22,25,9,108]
F32:[184,0,130,16,48,12,8,99]
F33:[180,25,130,228,45,0,6,111]
F34:[188,33,130,94,60,16,16,111]
F35:[188,28,124,28,60,4,17,105]
F36:[189,10,128,184,13,17,10,110]
F37:[182,25,124,94,3,33,13,108]
F38:[189,30,126,132,2,33,11,106]
F39:[188,28,126,210,57,17,3,105]
=== SAMPLE 19 STOP ===
