=== SAMPLE 7 START ===
F0:[176,79,128,166,53,2,6,113]
F1:[181,93,128,12,60,17,14,99]
F2:[161,66,126,108,41,23,0,108]
F3:[102,30,126,148,14,28,6,107]
F4:[100,28,126,102,60,32,7,106]
F5:[83,37,126,124,25,20,9,107]
F6:[80,37,126,96,2,25,3,105]
F7:[84,37,130,84,35,36,13,113]
F8:[101,26,122,10,37,8,16,98]
F9:[99,28,126,136,51,18,6,110]
F10:[164,71,128,246,24,31,16,104]
F11:[179,85,128,186,44,24,10,105]
F12:[164,83,130,212,50,22,2,107]
F13:[100,26,130,202,37,27,2,108]
F14:[104,54,126,188,4,6,7,111]
F15:[88,36,120,74,8,12,15,105]
F16:[77,39,130,162,40,29,0,108]
F17:[84,39,124,102,54,36,8,105]
F18:[129,35,124,70,61,29,4,103]
F19:[100,30,124,178,37,0,14,98]
F20:[143,39,126,154,46,15,11,104]
F21:[190,61,126,144,2,6,0,112]
F22:[189,42,128,64,26,23,3,106]
F23:[169,48,128,234,8,31,14,104]
F24:[168,46,128,236,63,33,8,103]
F25:[184,43,128,20,3,8,13,113]
F26:[188,10,130,82,62,34,5,110]
F27:[187,5,128,190,57,31,4,104]
F28:[188,12,128,246,48,22,5,104]
F29:[193,15,128,64,24,7,0,105]
F30:[189,30,122,42,10,18,10,99]
F31:[189,46,128,52,29,15,12,106]
F32:[189,58,128,130,42,35,12,107]
F33:[184,46,124,230,57,28,16,102]
F34:[174,67,132,186,29,1,11,110]
F35:[174,48,128,22,25,24,14,104]
F36:[187,5,124,12,29,6,16,105]
F37:[188,10,132,138,32,31,1,114]
F38:[187,10,130,144,37,25,3,101]
F39:[188,12,124,56,35,3,11,107]
=== SAMPLE 7 STOP ===
