=== SAMPLE 23 START ===
F0:[152,14,130,188,30,34,14,107]
F1:[156,15,134,202,60,21,10,103]
F2:[175,33,132,148,29,32,10,112]
F3:[180,69,126,58,43,24,6,112]
F4:[182,71,126,114,27,7,5,112]
F5:[182,0,128,170,0,33,13,116]
F6:[181,0,126,28,20,13,9,105]
F7:[167,17,132,202,40,7,16,110]
F8:[120,29,128,232,43,3,12,102]
F9:[148,41,122,46,50,21,0,99]
F10:[159,17,128,248,31,17,10,113]
F11:[160,17,128,176,36,9,7,113]
F12:[163,17,130,36,4,27,11,103]
F13:[182,24,126,118,45,9,15,104]
F14:[181,30,122,60,26,4,15,109]
F15:[182,38,124,190,29,33,6,103]
F16:[183,0,124,176,13,2,14,107]
F17:[173,15,128,74,39,31,14,107]
F18:[140,41,126,42,16,25,4,93]
F19:[118,33,128,32,38,33,14,113]
F20:[156,17,128,68,7,28,10,112]
F21:[173,5,122,96,47,26,9,99]
F22:[169,2,128,194,18,28,1,105]
F23:[189,23,128,144,10,3,7,109]
F24:[186,24,122,90,4,35,8,101]
F25:[170,32,128,118,42,35,7,104]
F26:[187,48,130,198,13,16,12,101]
F27:[186,43,128,248,59,24,9,106]
F28:[187,43,128,206,12,16,5,109]
F29:[186,0,128,172,59,28,4,98]
F30:[182,10,124,122,11,20,17,100]
F31:[170,2,124,240,10,29,13,103]
F32:[171,3,122,190,58,15,13,106]
F33:[170,20,130,224,25,18,7,108]
F34:[180,21,126,30,51,8,7,107]
F35:[188,35,128,108,55,1,5,106]
F36:[186,43,124,48,2,15,8,108]
F37:[185,51,128,16,2,3,1,104]
F38:[185,25,128,122,22,3,7,107]
F39:[187,33,128,108,41,1,7,111]
=== SAMPLE 23 STOP ===
