=== SAMPLE 6 (Start2) START ===
F0:[112,69,128,28,37,224,199,175,53]
F1:[155,111,128,30,24,219,191,174,171]
F2:[108,61,124,84,62,219,197,172,81]
F3:[112,62,128,96,62,188,191,175,132]
F4:[145,92,128,76,50,214,193,177,161]
F5:[188,41,126,66,75,219,193,176,171]
F6:[192,2,128,80,75,204,191,181,132]
F7:[191,32,128,6,75,214,193,179,127]
F8:[185,21,126,26,50,229,208,176,122]
F9:[180,2,128,16,88,229,193,177,123]
F10:[136,62,126,174,75,219,201,173,84]
F11:[145,88,130,148,24,193,189,180,137]
F12:[114,71,126,20,37,239,191,173,97]
F13:[111,55,126,80,62,214,197,173,125]
F14:[149,101,128,38,50,163,206,175,166]
F15:[175,57,128,10,62,239,193,172,154]
F16:[192,2,128,106,75,204,208,177,145]
F17:[190,19,126,4,101,219,182,178,126]
F18:[186,35,128,234,11,209,195,172,124]
F19:[180,5,128,6,88,209,191,170,122]
F20:[186,16,126,32,75,219,201,175,134]
F21:[192,33,126,12,62,239,201,176,134]
F22:[183,30,126,66,50,229,197,175,119]
F23:[179,24,128,8,75,214,180,179,124]
F24:[184,26,126,44,75,188,214,174,133]
F25:[186,47,126,34,62,204,208,177,130]
F26:[188,19,126,6,88,229,197,175,130]
F27:[189,21,126,140,62,214,195,174,129]
F28:[184,29,126,64,11,224,199,178,123]
F29:[188,11,128,170,62,204,195,179,132]
F30:[187,26,128,166,37,214,189,174,127]
F31:[194,26,128,40,62,214,191,173,135]
F32:[185,24,128,38,75,214,184,173,119]
F33:[180,30,128,58,24,219,189,173,123]
F34:[183,46,128,190,62,204,189,175,131]
F35:[180,24,126,22,62,229,191,174,125]
F36:[187,11,128,38,50,219,191,171,135]
F37:[191,16,128,40,75,229,182,175,132]
F38:[188,43,126,80,37,219,197,177,125]
F39:[189,19,128,16,50,214,193,174,129]
=== SAMPLE 6 STOP ===
