=== SAMPLE 0 START ===
F0:[158,35,132,142,38,20,5,107]
F1:[154,20,130,164,39,34,4,105]
F2:[167,15,130,160,20,18,14,104]
F3:[186,15,134,188,19,31,9,111]
F4:[185,53,124,22,29,22,14,105]
F5:[87,30,126,138,42,1,11,104]
F6:[77,32,128,36,58,7,7,110]
F7:[85,42,130,212,55,12,0,110]
F8:[89,55,128,170,51,2,16,107]
F9:[77,59,126,58,56,5,8,107]
F10:[142,35,128,246,59,2,8,102]
F11:[157,28,124,12,62,20,14,110]
F12:[154,32,122,96,2,1,14,107]
F13:[186,15,134,212,0,31,16,114]
F14:[184,7,122,22,23,26,2,107]
F15:[116,28,128,108,4,33,14,103]
F16:[127,34,122,34,7,28,12,96]
F17:[77,34,124,176,4,30,13,104]
F18:[81,59,126,80,50,3,16,106]
F19:[89,55,128,38,7,19,0,107]
F20:[134,68,130,52,33,17,5,110]
F21:[183,80,130,76,26,32,14,113]
F22:[183,90,128,102,55,9,16,111]
F23:[189,90,124,52,30,17,4,103]
F24:[189,67,122,64,21,28,2,107]
F25:[188,28,124,192,11,33,13,105]
F26:[187,0,126,174,36,25,5,110]
F27:[186,2,130,234,45,31,5,107]
F28:[192,48,128,202,59,34,3,107]
F29:[186,2,126,52,24,18,3,107]
F30:[186,20,128,116,56,31,9,105]
F31:[183,89,124,176,55,0,4,104]
F32:[175,68,126,150,54,20,15,103]
F33:[187,65,130,200,47,31,15,109]
F34:[189,41,128,250,63,33,11,100]
F35:[189,56,128,100,16,17,1,111]
F36:[187,0,126,110,52,8,4,108]
F37:[187,0,130,248,0,25,11,113]
F38:[187,2,128,140,57,9,6,103]
F39:[194,60,128,216,42,0,11,108]
=== SAMPLE 0 STOP ===
