=== SAMPLE 10 (Start2) START ===
F0:[98,71,126,40,62,234,204,177,38]
F1:[87,95,126,56,37,214,197,179,117]
F2:[78,85,128,44,24,209,189,177,119]
F3:[102,73,128,36,50,209,197,173,152]
F4:[99,73,126,42,37,214,197,174,125]
F5:[181,71,126,30,62,234,199,174,210]
F6:[194,52,128,102,255,204,201,175,141]
F7:[191,48,126,40,37,209,204,173,125]
F8:[184,85,128,132,62,224,199,177,121]
F9:[184,69,124,22,50,229,201,174,128]
F10:[127,66,126,66,62,209,201,175,71]
F11:[82,83,126,6,75,224,204,175,83]
F12:[80,83,128,118,50,224,199,178,126]
F13:[116,76,126,88,75,214,201,174,164]
F14:[94,59,128,30,37,224,195,178,106]
F15:[155,81,128,30,24,219,189,171,189]
F16:[193,43,128,32,50,219,197,172,166]
F17:[194,48,126,14,75,234,191,175,129]
F18:[183,69,128,80,37,204,189,173,117]
F19:[185,46,128,28,11,229,195,170,130]
F20:[191,32,126,10,50,229,195,175,134]
F21:[194,5,128,72,24,219,193,177,131]
F22:[195,17,126,46,50,219,201,176,129]
F23:[186,25,128,94,62,224,191,176,119]
F24:[183,15,126,92,88,204,187,170,125]
F25:[189,37,126,78,62,229,189,173,134]
F26:[194,47,126,78,62,224,195,169,133]
F27:[197,43,126,8,88,234,201,175,131]
F28:[185,25,126,166,62,229,201,172,116]
F29:[186,37,128,86,75,219,189,175,129]
F30:[190,49,126,18,62,234,199,174,132]
F31:[195,20,126,48,75,219,197,178,133]
F32:[196,23,128,28,50,219,189,172,129]
F33:[187,19,128,44,62,204,197,176,119]
F34:[184,15,126,20,62,229,195,174,125]
F35:[187,30,128,44,75,209,191,177,131]
F36:[195,44,126,36,62,219,197,175,136]
F37:[196,37,126,10,62,244,195,175,129]
F38:[188,35,126,14,88,239,199,173,120]
F39:[184,39,128,86,50,193,197,175,124]
=== SAMPLE 10 STOP ===
