=== SAMPLE 9 (Start2) START ===
F0:[117,33,126,6,88,229,193,175,56]
F1:[110,44,128,102,24,214,187,175,121]
F2:[139,103,128,164,62,219,184,175,157]
F3:[118,72,128,32,37,214,201,177,107]
F4:[115,38,128,130,62,219,182,175,125]
F5:[183,96,128,12,11,234,182,174,196]
F6:[188,96,128,218,50,204,184,173,133]
F7:[188,41,126,56,62,219,180,173,128]
F8:[180,62,126,14,50,229,193,169,120]
F9:[183,88,126,12,37,219,189,171,131]
F10:[127,39,126,14,62,229,195,172,72]
F11:[115,42,126,46,37,229,199,175,116]
F12:[144,112,126,48,75,224,195,172,157]
F13:[132,81,126,14,62,234,195,176,116]
F14:[116,39,126,58,50,229,191,177,112]
F15:[179,103,126,70,62,219,197,175,191]
F16:[188,84,128,48,37,219,187,175,137]
F17:[190,32,128,54,24,198,184,172,130]
F18:[185,69,128,48,50,214,195,171,123]
F19:[183,88,126,68,62,229,195,175,126]
F20:[188,23,126,22,88,219,193,172,133]
F21:[192,26,126,40,75,219,193,177,132]
F22:[192,64,128,106,62,224,191,177,128]
F23:[185,37,128,30,50,219,197,178,121]
F24:[184,29,126,22,75,209,201,173,127]
F25:[186,23,126,66,75,229,191,175,130]
F26:[193,53,128,40,37,229,197,175,135]
F27:[192,15,126,16,62,229,201,177,127]
F28:[184,26,128,162,11,224,191,175,120]
F29:[188,52,128,56,50,188,191,170,132]
F30:[184,21,126,6,88,204,191,173,124]
F31:[195,21,126,52,50,209,189,175,139]
F32:[193,60,128,88,75,219,199,175,126]
F33:[187,28,128,44,37,219,206,171,122]
F34:[183,20,128,152,37,204,204,174,124]
F35:[185,38,128,228,62,219,187,172,130]
F36:[192,52,126,30,62,229,199,178,135]
F37:[192,15,128,120,24,209,191,171,128]
F38:[188,29,128,32,37,224,191,173,124]
F39:[188,65,126,68,75,224,180,169,128]
=== SAMPLE 9 STOP ===
