=== SAMPLE 9 START ===
F0:[136,0,126,226,56,25,3,107]
F1:[141,0,130,138,4,35,6,102]
F2:[147,11,128,116,27,26,4,113]
F3:[137,40,126,86,32,31,11,107]
F4:[98,24,128,18,31,2,17,104]
F5:[90,53,124,20,61,8,3,102]
F6:[85,51,126,114,46,17,13,97]
F7:[140,51,128,230,0,20,10,109]
F8:[103,43,128,34,9,0,11,110]
F9:[105,42,124,142,33,33,6,106]
F10:[127,11,128,186,60,3,12,107]
F11:[143,14,126,48,18,32,7,102]
F12:[133,2,130,146,54,28,9,104]
F13:[96,26,128,120,29,31,9,112]
F14:[105,34,128,100,22,33,10,101]
F15:[103,44,128,250,30,13,14,109]
F16:[87,55,128,168,7,16,1,108]
F17:[90,53,130,152,32,25,4,110]
F18:[109,53,128,232,26,12,9,110]
F19:[106,47,132,182,28,20,6,108]
F20:[149,76,128,146,56,25,16,105]
F21:[188,103,130,238,49,18,4,108]
F22:[187,94,124,168,10,22,17,101]
F23:[187,38,126,182,60,14,6,106]
F24:[188,23,126,88,27,14,2,104]
F25:[190,17,126,66,20,36,0,107]
F26:[194,2,124,194,33,19,14,102]
F27:[195,5,128,134,45,34,12,110]
F28:[185,5,128,50,31,32,2,106]
F29:[183,10,128,170,46,12,4,102]
F30:[189,38,124,38,9,23,3,102]
F31:[187,93,128,206,49,20,15,103]
F32:[189,105,128,92,34,34,3,105]
F33:[187,38,128,62,59,32,4,113]
F34:[189,46,130,84,62,33,0,98]
F35:[188,25,130,152,37,34,1,113]
F36:[195,5,128,218,43,33,11,106]
F37:[194,3,130,40,40,0,12,114]
F38:[191,3,128,58,11,33,12,109]
F39:[187,7,124,144,0,2,16,110]
=== SAMPLE 9 STOP ===
