=== SAMPLE 11 START ===
F0:[177,25,130,144,48,23,5,103]
F1:[177,23,128,86,52,24,2,100]
F2:[182,2,126,116,56,30,16,105]
F3:[189,5,130,222,23,30,9,108]
F4:[189,2,124,16,41,22,7,102]
F5:[108,20,122,14,16,32,1,101]
F6:[96,24,126,100,27,19,10,108]
F7:[94,29,132,142,53,24,15,107]
F8:[89,47,130,216,51,4,10,100]
F9:[86,39,124,64,24,2,5,108]
F10:[156,31,132,144,52,21,5,107]
F11:[174,23,124,90,55,17,15,106]
F12:[169,19,122,36,32,23,14,102]
F13:[191,2,126,64,19,22,15,105]
F14:[190,5,124,124,38,6,10,102]
F15:[129,16,130,198,51,33,5,105]
F16:[103,29,126,156,5,34,0,109]
F17:[92,26,128,120,31,4,6,109]
F18:[85,39,124,170,54,26,10,101]
F19:[94,41,128,22,15,7,7,102]
F20:[144,26,126,34,55,29,11,101]
F21:[194,20,128,134,55,8,2,106]
F22:[193,14,130,8,33,30,1,101]
F23:[186,16,130,196,1,13,6,108]
F24:[176,5,132,240,31,27,15,111]
F25:[182,33,124,38,56,20,1,111]
F26:[190,46,126,234,18,27,4,111]
F27:[180,51,128,170,45,6,4,110]
F28:[188,17,128,110,38,35,11,108]
F29:[184,19,122,58,35,22,0,101]
F30:[187,23,128,26,20,17,14,110]
F31:[170,74,130,248,48,26,2,110]
F32:[194,15,130,230,2,18,1,101]
F33:[180,5,130,214,46,12,9,98]
F34:[174,0,126,90,30,10,4,107]
F35:[180,20,132,138,34,30,9,113]
F36:[191,64,128,236,47,34,11,106]
F37:[190,47,124,80,42,20,1,108]
F38:[187,35,130,164,47,7,8,98]
F39:[189,30,124,36,32,1,10,102]
=== SAMPLE 11 STOP ===
