=== SAMPLE 30 (flower) START ===
F0:[189,90,124,4,10,17,8,102]
F1:[189,87,128,84,61,32,7,103]
F2:[189,83,126,44,25,32,6,109]
F3:[188,58,128,226,39,24,16,109]
F4:[191,53,130,78,24,34,15,105]
F5:[163,25,126,92,52,18,9,108]
F6:[151,34,130,156,55,14,15,109]
F7:[139,30,126,66,48,34,7,104]
F8:[109,20,130,130,62,18,14,107]
F9:[103,20,126,48,55,29,7,107]
F10:[165,78,126,68,44,34,12,111]
F11:[189,87,128,48,24,17,9,106]
F12:[191,65,128,186,58,34,12,106]
F13:[189,76,130,172,30,20,6,105]
F14:[188,58,124,54,42,5,7,111]
F15:[167,47,124,132,56,18,9,98]
F16:[159,32,130,182,38,35,14,105]
F17:[147,30,128,238,1,22,13,107]
F18:[105,20,128,176,51,19,7,102]
F19:[102,22,126,176,60,29,16,113]
F20:[108,26,128,76,15,7,9,105]
F21:[120,24,122,10,51,15,0,102]
F22:[115,21,128,148,30,32,6,107]
F23:[127,51,128,96,39,33,10,108]
F24:[121,46,128,86,41,33,13,110]
F25:[142,16,130,210,48,35,15,102]
F26:[149,17,130,76,36,14,9,106]
F27:[151,14,128,52,33,15,4,111]
F28:[142,36,130,228,4,17,10,103]
F29:[157,12,128,102,3,35,8,108]
F30:[148,15,124,150,46,25,15,109]
F31:[116,23,126,72,24,27,6,106]
F32:[133,32,126,210,59,11,14,105]
F33:[128,16,130,212,34,19,0,112]
F34:[133,15,128,240,3,13,1,107]
F35:[124,32,128,190,38,25,15,108]
F36:[151,14,130,176,15,6,13,109]
F37:[152,16,126,56,5,8,5,107]
F38:[155,12,128,76,42,1,6,107]
F39:[141,35,128,226,30,31,15,105]
=== SAMPLE 30 STOP ===
