=== SAMPLE 16 (flower) START ===
F0:[193,107,130,224,53,2,3,108]
F1:[193,115,130,202,1,10,7,112]
F2:[192,106,126,64,36,13,15,104]
F3:[187,43,126,112,48,22,13,111]
F4:[186,48,132,40,41,8,3,112]
F5:[124,23,130,230,22,35,9,114]
F6:[122,34,130,152,29,32,1,109]
F7:[101,27,126,28,36,8,3,104]
F8:[71,45,126,52,54,24,8,106]
F9:[67,37,128,210,42,5,16,106]
F10:[184,106,128,6,12,26,0,103]
F11:[192,107,128,208,19,6,13,113]
F12:[190,93,124,178,32,33,13,102]
F13:[186,46,130,24,21,33,17,102]
F14:[188,82,128,174,63,25,2,108]
F15:[143,30,128,84,2,17,4,111]
F16:[118,19,128,66,32,16,3,106]
F17:[116,21,126,72,39,22,6,110]
F18:[125,60,124,28,34,28,11,100]
F19:[71,40,132,28,15,23,16,110]
F20:[95,27,132,186,47,9,16,108]
F21:[121,17,126,230,21,32,11,102]
F22:[169,23,122,130,7,27,12,102]
F23:[151,10,126,108,63,32,12,106]
F24:[153,12,130,128,33,22,8,111]
F25:[159,11,126,202,7,27,16,101]
F26:[175,26,128,144,43,11,6,111]
F27:[167,15,130,172,0,20,6,106]
F28:[167,15,120,24,28,32,10,92]
F29:[132,11,130,174,33,4,13,107]
F30:[121,15,124,52,46,31,7,106]
F31:[125,15,122,68,21,12,3,103]
F32:[122,14,128,64,16,16,1,105]
F33:[118,33,130,174,17,28,11,103]
F34:[129,39,130,230,16,16,14,106]
F35:[153,8,128,116,52,0,15,113]
F36:[166,14,126,96,30,10,16,105]
F37:[169,34,126,130,49,11,6,102]
F38:[153,31,124,194,16,16,17,102]
F39:[169,12,126,164,0,6,10,104]
=== SAMPLE 16 STOP ===
