=== SAMPLE 20 (flower) START ===
F0:[188,44,128,26,38,4,0,113]
F1:[189,47,124,30,42,17,15,105]
F2:[188,56,128,184,61,7,7,109]
F3:[188,70,126,4,12,10,4,111]
F4:[188,57,128,74,51,25,2,105]
F5:[174,102,128,236,47,11,4,111]
F6:[163,80,126,128,64,7,4,101]
F7:[150,71,130,244,49,35,11,106]
F8:[135,30,126,202,51,30,3,105]
F9:[129,33,126,178,35,26,1,105]
F10:[172,49,128,118,42,0,9,110]
F11:[188,41,128,62,53,9,10,111]
F12:[188,46,126,58,56,33,9,109]
F13:[188,58,126,90,54,32,16,107]
F14:[189,67,126,48,7,5,2,102]
F15:[175,93,124,126,52,23,15,101]
F16:[171,110,126,174,54,15,13,103]
F17:[157,73,128,46,39,34,13,106]
F18:[119,25,130,176,56,1,16,109]
F19:[114,23,126,170,52,35,12,110]
F20:[134,16,132,106,0,0,13,111]
F21:[128,7,130,208,38,13,6,106]
F22:[129,7,124,52,38,11,12,110]
F23:[133,8,128,196,40,21,16,107]
F24:[124,25,128,78,46,28,14,110]
F25:[139,7,130,94,41,18,4,108]
F26:[146,7,128,194,30,2,16,106]
F27:[150,7,128,154,44,18,15,106]
F28:[141,19,126,126,46,23,12,104]
F29:[161,14,130,110,26,0,6,111]
F30:[153,12,130,100,46,24,16,110]
F31:[130,7,124,8,7,22,11,102]
F32:[168,17,128,238,56,18,14,111]
F33:[129,7,128,242,21,31,0,111]
F34:[130,7,126,180,42,34,11,107]
F35:[132,10,128,242,58,34,5,109]
F36:[149,7,126,158,33,6,0,104]
F37:[150,8,130,234,4,10,6,112]
F38:[158,14,126,22,32,30,10,106]
F39:[141,23,126,116,18,11,9,110]
=== SAMPLE 20 STOP ===
