=== SAMPLE 23 (flower) START ===
F0:[190,85,126,158,36,5,9,108]
F1:[189,75,130,124,64,6,5,107]
F2:[185,62,126,36,8,13,0,100]
F3:[159,29,130,64,58,34,5,106]
F4:[163,30,126,62,57,29,7,106]
F5:[94,23,126,60,36,22,8,103]
F6:[80,22,128,90,29,20,14,107]
F7:[81,30,128,160,5,2,2,105]
F8:[65,55,128,224,24,11,15,99]
F9:[91,72,128,150,27,4,4,108]
F10:[159,76,126,214,29,35,15,108]
F11:[192,83,130,30,41,19,9,104]
F12:[190,65,126,42,51,17,5,104]
F13:[183,17,132,150,2,24,12,113]
F14:[162,29,128,222,54,26,15,107]
F15:[104,27,124,62,7,32,7,109]
F16:[82,20,126,18,17,25,9,103]
F17:[136,34,126,40,16,29,8,102]
F18:[72,59,126,116,54,19,13,105]
F19:[70,49,124,60,14,20,7,106]
F20:[98,34,132,94,50,13,3,99]
F21:[134,15,126,242,51,16,1,105]
F22:[115,15,128,48,6,5,14,99]
F23:[128,25,130,44,51,22,6,107]
F24:[116,43,128,202,26,1,8,97]
F25:[125,32,126,120,26,36,9,109]
F26:[154,15,126,138,24,31,11,101]
F27:[154,15,124,198,53,30,13,106]
F28:[138,16,128,40,43,11,3,107]
F29:[143,20,130,180,21,19,7,105]
F30:[155,10,126,66,44,20,4,101]
F31:[116,15,126,76,14,19,12,107]
F32:[117,15,126,194,0,12,1,113]
F33:[112,37,126,184,18,34,7,105]
F34:[127,19,128,80,53,28,12,105]
F35:[132,21,128,62,39,1,1,108]
F36:[153,14,126,234,60,33,15,104]
F37:[157,19,126,130,44,27,7,105]
F38:[162,11,128,222,26,8,7,112]
F39:[169,7,128,52,6,13,14,114]
=== SAMPLE 23 STOP ===
