=== SAMPLE 13 (flower) START ===
F0:[189,43,126,102,12,8,13,112]
F1:[189,35,128,20,14,0,9,103]
F2:[156,39,128,228,34,31,13,110]
F3:[133,40,124,96,61,0,2,99]
F4:[129,38,126,128,10,29,11,112]
F5:[83,33,132,168,15,33,9,108]
F6:[74,32,130,96,1,20,12,110]
F7:[75,51,130,156,33,4,10,108]
F8:[76,56,126,100,40,21,9,108]
F9:[71,54,124,106,9,0,11,107]
F10:[161,37,124,28,39,16,13,102]
F11:[189,48,130,16,10,33,10,101]
F12:[183,43,122,184,9,11,1,100]
F13:[98,25,128,10,59,29,5,109]
F14:[113,31,126,70,34,15,5,104]
F15:[109,36,126,102,26,17,3,115]
F16:[76,32,128,48,8,4,4,97]
F17:[80,36,126,108,13,4,2,104]
F18:[72,52,126,152,38,36,2,105]
F19:[77,72,128,54,28,10,3,113]
F20:[107,29,128,238,33,23,2,101]
F21:[137,17,124,90,0,34,0,108]
F22:[136,14,130,230,58,28,5,99]
F23:[142,34,126,148,54,4,14,106]
F24:[157,32,128,156,61,22,15,104]
F25:[160,17,128,36,33,7,5,104]
F26:[160,7,134,222,48,21,10,111]
F27:[176,30,126,228,29,34,7,103]
F28:[167,8,132,186,15,4,14,105]
F29:[167,8,126,134,31,15,10,105]
F30:[147,12,128,70,33,22,10,112]
F31:[154,14,128,194,18,8,1,107]
F32:[137,15,126,136,40,8,15,105]
F33:[152,24,128,172,33,9,12,111]
F34:[141,44,128,146,23,14,4,112]
F35:[148,32,128,36,17,2,3,106]
F36:[162,6,126,94,24,33,14,106]
F37:[161,8,128,230,4,25,9,107]
F38:[155,14,124,86,33,17,9,105]
F39:[155,15,130,134,37,27,12,106]
=== SAMPLE 13 STOP ===
