=== SAMPLE 10 (flower) START ===
F0:[189,94,126,172,42,20,14,102]
F1:[190,71,128,182,47,5,17,106]
F2:[190,79,126,110,12,11,11,112]
F3:[185,51,124,134,28,33,13,106]
F4:[186,51,126,100,8,1,16,106]
F5:[190,47,128,174,50,34,6,112]
F6:[189,26,130,220,18,9,2,110]
F7:[160,30,122,64,23,36,6,109]
F8:[113,34,122,140,37,2,4,103]
F9:[134,35,130,148,22,32,12,106]
F10:[168,74,126,124,56,12,2,104]
F11:[192,84,130,184,62,23,4,110]
F12:[191,90,124,106,34,27,2,103]
F13:[190,70,128,34,33,5,16,104]
F14:[185,51,126,168,2,25,5,112]
F15:[187,35,130,4,10,14,3,112]
F16:[190,35,128,60,0,29,1,109]
F17:[182,32,128,230,53,18,7,111]
F18:[104,22,128,16,3,9,16,106]
F19:[100,20,126,104,61,20,0,104]
F20:[131,29,122,228,33,23,3,108]
F21:[126,15,130,88,6,15,0,113]
F22:[120,15,130,86,42,18,8,109]
F23:[120,20,130,114,4,31,10,108]
F24:[118,21,126,170,41,34,5,108]
F25:[125,23,128,18,60,13,4,108]
F26:[139,15,132,250,42,12,4,110]
F27:[138,15,128,230,21,35,11,113]
F28:[118,27,126,56,57,16,14,106]
F29:[143,15,132,216,8,7,6,110]
F30:[142,20,134,226,12,26,5,113]
F31:[119,15,134,142,9,26,6,109]
F32:[186,16,128,8,5,7,1,110]
F33:[121,17,122,42,26,13,13,105]
F34:[119,19,122,220,4,6,3,100]
F35:[125,20,128,240,35,16,1,103]
F36:[138,14,126,72,20,8,10,110]
F37:[137,16,122,178,12,19,13,103]
F38:[142,14,132,202,43,17,8,114]
F39:[145,21,126,184,46,11,10,111]
=== SAMPLE 10 STOP ===
