=== SAMPLE 15 (flower) START ===
F0:[159,0,128,102,55,9,16,107]
F1:[159,0,128,128,49,36,3,110]
F2:[165,2,130,138,51,7,9,109]
F3:[174,16,124,28,64,2,15,109]
F4:[171,10,126,172,35,32,0,101]
F5:[126,17,126,58,60,15,10,106]
F6:[128,21,122,12,49,21,0,105]
F7:[163,26,126,108,42,14,15,105]
F8:[94,56,128,240,24,34,1,109]
F9:[90,49,126,92,2,16,0,109]
F10:[144,17,124,56,22,5,9,103]
F11:[169,7,126,44,52,6,2,101]
F12:[161,0,128,110,41,4,1,108]
F13:[171,10,124,14,27,0,15,108]
F14:[168,10,130,104,39,33,1,113]
F15:[141,13,120,16,0,9,2,106]
F16:[125,19,124,174,45,10,12,105]
F17:[120,21,128,146,11,8,12,105]
F18:[104,39,130,198,60,18,9,111]
F19:[96,48,126,98,35,23,7,106]
F20:[115,39,128,80,18,24,15,105]
F21:[149,25,130,240,0,26,16,112]
F22:[142,21,126,148,11,35,4,105]
F23:[156,29,124,136,39,30,11,103]
F24:[153,12,126,116,51,23,0,105]
F25:[156,11,126,144,18,32,7,102]
F26:[164,10,130,176,1,25,8,109]
F27:[167,12,126,66,19,18,9,109]
F28:[180,38,130,146,53,31,7,107]
F29:[177,39,128,80,41,24,8,108]
F30:[156,29,132,204,18,22,2,104]
F31:[142,21,128,200,2,33,11,112]
F32:[146,23,128,240,42,24,4,108]
F33:[151,14,130,208,44,13,4,111]
F34:[158,25,130,242,17,2,0,115]
F35:[152,10,128,20,48,15,3,100]
F36:[166,12,130,214,57,0,1,109]
F37:[166,14,124,28,26,25,0,111]
F38:[157,41,126,130,47,27,9,108]
F39:[183,42,128,110,39,11,13,106]
=== SAMPLE 15 STOP ===
