=== SAMPLE 28 (flower) START ===
F0:[194,90,128,200,15,30,11,110]
F1:[193,76,126,190,54,36,2,108]
F2:[191,70,126,216,24,9,9,105]
F3:[192,82,124,76,7,33,14,104]
F4:[187,43,128,228,45,28,8,109]
F5:[189,30,130,224,46,31,14,104]
F6:[191,41,126,18,44,20,3,105]
F7:[191,56,126,146,43,19,10,101]
F8:[192,71,126,70,3,8,10,105]
F9:[192,66,126,174,58,6,7,97]
F10:[193,88,120,104,21,21,5,101]
F11:[192,75,124,226,38,5,6,101]
F12:[193,79,128,82,35,31,9,109]
F13:[187,41,132,108,41,11,4,107]
F14:[188,51,130,212,62,15,16,107]
F15:[190,55,124,20,4,6,7,102]
F16:[190,39,124,106,23,7,13,102]
F17:[191,43,124,132,21,7,7,105]
F18:[192,64,128,66,25,0,7,107]
F19:[191,64,124,220,43,20,2,102]
F20:[148,43,126,220,42,28,3,106]
F21:[111,15,128,32,37,24,4,104]
F22:[108,15,124,108,27,34,13,106]
F23:[104,39,128,68,53,21,10,107]
F24:[109,21,126,94,30,13,0,106]
F25:[116,21,128,228,16,8,11,106]
F26:[124,19,126,192,30,26,5,103]
F27:[155,29,130,188,61,11,3,109]
F28:[126,20,130,172,3,30,8,109]
F29:[129,23,124,34,52,36,3,104]
F30:[122,23,130,6,58,5,0,105]
F31:[132,17,126,196,21,33,4,104]
F32:[109,15,130,196,53,1,1,103]
F33:[109,19,130,140,8,0,15,103]
F34:[101,49,130,148,42,23,9,104]
F35:[109,47,128,84,7,14,1,108]
F36:[125,20,128,36,33,33,1,111]
F37:[122,20,128,96,45,32,4,103]
F38:[119,27,134,110,6,19,0,107]
F39:[120,31,130,76,20,0,9,110]
=== SAMPLE 28 STOP ===
