=== SAMPLE 29 (flower) START ===
F0:[189,83,124,202,39,30,8,106]
F1:[188,79,126,128,45,0,7,106]
F2:[188,79,126,106,5,20,10,107]
F3:[190,97,122,50,15,15,13,108]
F4:[190,62,130,30,33,12,0,115]
F5:[191,82,124,124,0,4,0,105]
F6:[191,79,128,172,51,20,13,101]
F7:[186,73,128,106,55,28,0,107]
F8:[133,42,126,46,39,33,8,104]
F9:[125,26,126,174,39,33,11,103]
F10:[181,76,126,90,1,19,13,105]
F11:[188,74,134,244,47,0,1,111]
F12:[189,76,124,56,46,2,1,102]
F13:[189,66,130,64,29,2,1,107]
F14:[188,73,128,196,47,5,5,106]
F15:[191,84,124,4,1,23,2,102]
F16:[191,83,128,162,25,21,10,112]
F17:[184,78,126,118,51,4,8,95]
F18:[124,25,130,228,32,3,7,115]
F19:[148,37,126,96,20,2,9,105]
F20:[120,24,130,156,7,0,5,108]
F21:[101,17,126,158,19,33,10,101]
F22:[101,12,126,160,31,14,5,106]
F23:[126,33,128,180,27,35,13,108]
F24:[127,23,126,230,61,33,4,108]
F25:[131,16,126,96,57,27,2,110]
F26:[133,16,126,24,27,35,7,106]
F27:[175,34,124,216,48,26,9,108]
F28:[130,23,126,102,5,2,16,111]
F29:[135,23,126,184,52,3,7,97]
F30:[120,23,130,132,33,17,3,106]
F31:[134,29,128,162,19,31,1,111]
F32:[102,15,130,166,54,29,13,105]
F33:[121,20,128,230,50,23,13,105]
F34:[127,34,126,48,5,27,5,101]
F35:[130,35,126,6,30,25,2,108]
F36:[135,15,130,174,33,35,13,105]
F37:[131,17,120,148,62,18,4,99]
F38:[126,15,126,8,5,20,1,107]
F39:[132,22,130,206,18,20,14,109]
=== SAMPLE 29 STOP ===
