=== SAMPLE 11 (flower) START ===
F0:[188,106,122,216,20,1,7,101]
F1:[188,84,128,58,20,7,13,110]
F2:[191,52,124,26,1,22,7,101]
F3:[161,25,126,214,57,26,5,106]
F4:[159,20,126,210,58,0,14,100]
F5:[100,29,126,208,25,1,2,104]
F6:[162,23,128,42,58,19,4,105]
F7:[84,32,124,4,3,15,7,99]
F8:[71,62,126,26,49,35,14,112]
F9:[68,63,130,40,14,3,1,107]
F10:[177,77,126,82,45,25,1,113]
F11:[188,79,124,184,6,2,10,104]
F12:[184,64,126,4,25,33,7,111]
F13:[166,28,126,78,45,10,9,102]
F14:[180,73,130,6,2,34,13,102]
F15:[114,28,128,94,41,35,15,110]
F16:[92,22,126,132,37,10,11,108]
F17:[87,22,126,140,28,30,7,103]
F18:[95,50,126,182,44,13,3,101]
F19:[71,60,126,28,47,1,1,96]
F20:[100,34,126,184,40,17,9,109]
F21:[124,11,128,240,0,12,12,107]
F22:[154,29,128,130,43,24,8,106]
F23:[140,24,128,224,20,33,16,100]
F24:[140,21,126,20,36,9,11,110]
F25:[136,28,130,200,35,8,11,109]
F26:[158,10,126,42,32,2,5,102]
F27:[159,12,124,116,6,21,16,107]
F28:[162,17,128,46,28,2,14,101]
F29:[154,16,126,40,49,18,15,105]
F30:[150,20,130,158,39,13,16,109]
F31:[126,12,130,234,19,33,3,112]
F32:[124,11,128,66,46,30,8,98]
F33:[123,28,130,62,9,17,1,113]
F34:[133,29,124,74,31,19,16,106]
F35:[144,20,126,230,54,6,3,99]
F36:[159,11,126,8,50,31,2,104]
F37:[178,35,122,244,23,35,7,104]
F38:[158,21,124,144,10,14,4,103]
F39:[163,19,126,226,37,28,10,104]
=== SAMPLE 11 STOP ===
