=== SAMPLE 2 (flower2) START ===
F0:[174,35,126,54,62,214,201,174,116]
F1:[174,48,126,94,50,229,204,175,128]
F2:[171,64,128,32,62,204,201,178,125]
F3:[167,64,126,32,62,214,201,175,124]
F4:[162,57,126,52,88,209,199,173,123]
F5:[112,92,128,48,50,204,195,175,78]
F6:[117,120,128,24,24,204,189,177,133]
F7:[66,72,126,6,88,214,204,174,77]
F8:[79,94,128,16,75,234,187,177,141]
F9:[109,97,128,30,50,224,182,175,158]
F10:[155,60,128,138,75,193,195,174,174]
F11:[167,47,128,14,50,219,197,172,140]
F12:[167,83,126,24,75,229,201,175,128]
F13:[164,66,126,26,75,224,206,175,125]
F14:[170,42,126,36,62,209,199,175,134]
F15:[131,97,128,116,75,229,193,179,89]
F16:[109,99,128,172,75,209,199,172,106]
F17:[74,86,128,78,50,188,199,174,93]
F18:[66,79,126,10,75,244,191,175,120]
F19:[104,114,128,4,101,234,191,179,166]
F20:[136,59,128,58,50,198,184,176,160]
F21:[190,28,126,32,62,229,193,175,182]
F22:[183,35,128,156,37,214,191,175,121]
F23:[184,24,128,26,50,229,191,175,129]
F24:[182,23,126,44,62,219,195,177,126]
F25:[189,56,126,42,50,224,195,174,135]
F26:[191,34,128,4,101,224,195,180,130]
F27:[191,108,128,6,88,204,189,177,128]
F28:[189,93,126,226,62,224,197,172,126]
F29:[182,20,126,16,50,234,201,174,121]
F30:[190,71,128,54,62,234,180,176,136]
F31:[191,23,128,4,88,188,176,176,129]
F32:[179,38,128,34,62,198,182,173,116]
F33:[181,43,126,32,75,204,201,177,130]
F34:[184,20,128,8,75,229,195,176,131]
F35:[183,65,126,32,75,224,201,173,127]
F36:[192,20,128,4,88,209,189,174,137]
F37:[191,92,128,40,24,209,197,175,127]
F38:[188,51,128,10,50,234,199,176,125]
F39:[184,41,128,112,62,188,189,176,124]
=== SAMPLE 2 STOP ===
