=== SAMPLE 6 (flower) START ===
F0:[186,53,128,22,12,35,11,110]
F1:[189,48,128,146,37,16,16,103]
F2:[169,41,128,162,32,20,14,110]
F3:[130,29,124,192,21,21,9,102]
F4:[138,28,124,114,23,32,5,105]
F5:[81,23,128,228,47,7,15,107]
F6:[77,23,122,4,22,28,3,108]
F7:[75,33,128,46,58,13,7,115]
F8:[79,51,126,148,21,34,5,106]
F9:[76,49,128,46,55,35,16,104]
F10:[164,59,130,160,60,4,4,110]
F11:[189,51,126,4,22,28,5,104]
F12:[178,35,124,6,25,7,16,109]
F13:[127,33,126,140,36,26,11,107]
F14:[137,32,122,44,41,17,8,99]
F15:[90,28,128,106,16,9,6,103]
F16:[80,21,128,208,42,23,3,107]
F17:[71,29,130,194,57,18,8,102]
F18:[79,46,122,92,60,29,14,100]
F19:[77,53,126,96,37,28,3,100]
F20:[137,71,130,66,28,21,9,108]
F21:[190,85,126,110,36,27,10,112]
F22:[191,88,126,104,12,23,6,107]
F23:[186,111,126,238,26,13,10,109]
F24:[185,108,130,172,42,2,5,107]
F25:[191,116,126,132,11,10,7,108]
F26:[193,117,126,242,41,17,7,102]
F27:[193,111,132,120,17,19,6,113]
F28:[187,74,124,122,5,15,3,100]
F29:[190,35,128,114,36,33,5,99]
F30:[189,51,122,12,10,21,12,102]
F31:[191,87,124,62,40,18,16,108]
F32:[189,65,124,40,24,12,11,110]
F33:[189,99,126,74,25,32,4,109]
F34:[189,120,128,150,31,16,6,107]
F35:[187,121,130,182,17,22,15,108]
F36:[194,114,130,106,10,34,4,108]
F37:[193,120,126,48,53,4,15,103]
F38:[191,61,122,64,54,24,12,109]
F39:[188,78,124,198,47,33,2,104]
=== SAMPLE 6 STOP ===
