=== SAMPLE 9 (flower) START ===
F0:[108,71,126,56,75,214,195,178,51]
F1:[111,49,128,60,75,214,193,175,131]
F2:[113,71,128,50,37,219,199,175,130]
F3:[106,58,126,170,62,219,182,169,121]
F4:[107,62,128,88,24,219,201,180,129]
F5:[110,66,126,20,37,224,199,174,131]
F6:[123,64,128,162,204,219,193,173,141]
F7:[110,65,126,22,24,224,204,171,115]
F8:[118,72,128,102,75,198,187,170,136]
F9:[110,71,126,26,75,224,210,173,120]
F10:[117,66,128,6,88,204,191,177,135]
F11:[110,64,128,84,50,193,195,174,121]
F12:[108,60,126,8,75,224,187,171,126]
F13:[107,58,128,94,75,204,199,178,127]
F14:[107,69,128,142,62,219,184,175,128]
F15:[114,58,128,36,62,214,193,180,135]
F16:[112,66,124,52,75,219,195,171,126]
F17:[121,67,126,146,50,224,193,175,137]
F18:[113,74,128,148,50,229,182,174,120]
F19:[113,66,126,78,50,219,195,176,128]
F20:[156,63,126,38,50,214,208,174,171]
F21:[192,78,126,20,75,229,191,179,164]
F22:[190,53,126,34,37,204,204,169,126]
F23:[184,69,126,12,62,239,199,175,122]
F24:[185,57,128,14,50,229,193,177,129]
F25:[189,42,126,70,62,219,195,179,132]
F26:[198,10,128,6,88,219,193,180,137]
F27:[198,12,128,38,24,224,204,178,128]
F28:[188,15,128,78,50,219,191,177,118]
F29:[186,7,126,8,75,224,193,175,126]
F30:[187,38,128,24,37,224,204,177,129]
F31:[193,53,126,24,75,224,208,174,134]
F32:[189,67,126,6,88,204,191,174,124]
F33:[187,61,128,24,37,219,204,171,126]
F34:[183,60,126,100,50,224,195,173,124]
F35:[187,53,128,12,75,234,197,179,132]
F36:[198,12,128,48,50,224,197,170,139]
F37:[198,15,126,22,75,219,201,176,128]
F38:[191,7,126,14,75,219,193,172,121]
F39:[186,15,128,30,24,204,193,177,123]
=== SAMPLE 9 STOP ===
