=== SAMPLE 2 (flower) START ===
F0:[137,79,126,174,24,229,199,170,84]
F1:[135,65,126,52,50,224,197,171,126]
F2:[138,79,128,32,62,219,201,178,131]
F3:[134,71,128,50,50,183,189,172,124]
F4:[136,83,128,96,50,224,189,173,130]
F5:[117,94,128,98,62,224,184,176,109]
F6:[117,90,128,58,50,219,197,178,128]
F7:[115,92,126,42,37,229,212,174,126]
F8:[114,93,128,42,37,178,197,174,127]
F9:[111,94,126,6,88,239,178,175,125]
F10:[134,71,126,18,37,234,187,175,151]
F11:[137,87,126,56,75,229,191,173,131]
F12:[135,78,126,70,24,234,191,175,126]
F13:[138,73,126,6,88,229,195,173,131]
F14:[138,78,128,62,24,198,193,174,128]
F15:[122,83,128,36,37,214,195,176,112]
F16:[114,94,128,146,50,204,199,178,120]
F17:[119,91,128,34,62,224,195,177,133]
F18:[109,91,126,86,62,229,195,174,118]
F19:[117,91,128,78,62,209,193,175,136]
F20:[156,57,128,56,50,188,208,178,167]
F21:[194,48,126,76,11,219,195,175,166]
F22:[193,49,128,130,11,219,197,175,127]
F23:[184,44,126,6,88,214,182,169,119]
F24:[184,56,128,4,88,214,204,177,128]
F25:[187,71,128,158,62,219,191,175,131]
F26:[187,90,128,82,62,204,189,171,128]
F27:[188,107,126,28,37,209,201,176,129]
F28:[186,88,126,22,62,219,189,175,126]
F29:[187,114,126,154,62,224,195,172,129]
F30:[189,73,126,86,62,209,197,174,130]
F31:[194,56,126,24,88,219,201,173,133]
F32:[193,39,126,98,62,214,201,174,127]
F33:[186,51,126,24,24,224,204,173,121]
F34:[183,44,128,32,50,204,201,173,125]
F35:[186,51,128,92,37,214,197,178,131]
F36:[188,114,126,6,88,219,206,176,130]
F37:[188,90,126,14,88,234,189,173,128]
F38:[186,107,126,50,75,224,195,171,126]
F39:[187,93,126,50,75,209,189,175,129]
=== SAMPLE 2 STOP ===
