=== SAMPLE 21 (flower) START ===
F0:[187,48,128,224,18,7,2,113]
F1:[189,53,128,98,35,7,14,104]
F2:[189,41,130,182,13,31,16,105]
F3:[138,25,128,140,44,36,15,109]
F4:[137,26,126,22,51,10,15,108]
F5:[81,18,126,190,11,5,6,112]
F6:[117,26,126,122,16,22,8,101]
F7:[73,36,130,102,22,29,13,112]
F8:[81,53,126,146,54,5,1,100]
F9:[104,73,128,90,54,2,0,107]
F10:[174,51,128,60,3,11,1,101]
F11:[189,56,126,220,31,12,10,105]
F12:[179,44,126,230,53,36,2,110]
F13:[159,32,128,240,43,5,13,107]
F14:[163,46,126,174,58,1,10,100]
F15:[99,24,132,126,16,30,2,107]
F16:[78,21,128,36,38,31,0,105]
F17:[71,32,128,174,15,4,14,107]
F18:[94,65,128,30,45,6,2,102]
F19:[83,51,126,28,11,5,11,109]
F20:[115,36,130,34,36,18,7,103]
F21:[149,11,128,230,44,15,14,116]
F22:[163,15,126,146,2,13,7,106]
F23:[156,28,124,124,39,22,15,97]
F24:[161,21,126,28,19,0,2,100]
F25:[148,29,132,12,31,27,4,111]
F26:[185,14,120,234,58,20,12,96]
F27:[185,10,128,186,25,3,14,104]
F28:[193,16,128,198,12,11,4,112]
F29:[170,17,122,176,60,5,4,105]
F30:[179,19,128,192,40,33,11,99]
F31:[148,12,126,176,61,36,0,102]
F32:[147,11,130,4,56,31,4,107]
F33:[139,39,124,138,45,30,14,102]
F34:[156,25,128,110,61,24,4,104]
F35:[162,20,128,176,53,10,3,104]
F36:[185,12,130,140,16,24,4,116]
F37:[184,29,126,156,54,10,9,102]
F38:[191,19,130,80,21,2,14,108]
F39:[193,20,128,96,45,32,7,107]
=== SAMPLE 21 STOP ===
