=== SAMPLE 18 (flower) START ===
F0:[187,10,124,6,23,30,15,109]
F1:[187,5,124,62,44,9,7,105]
F2:[188,14,126,112,49,2,3,106]
F3:[193,66,128,36,18,18,2,102]
F4:[191,55,126,136,44,23,2,105]
F5:[190,57,124,12,17,24,13,107]
F6:[190,55,128,138,35,22,0,108]
F7:[189,65,126,110,53,9,15,103]
F8:[188,35,128,28,13,31,15,108]
F9:[186,15,126,144,39,11,2,107]
F10:[187,10,128,150,27,1,2,103]
F11:[188,12,122,114,52,20,10,95]
F12:[189,23,126,124,35,13,10,105]
F13:[191,41,124,126,59,12,10,106]
F14:[190,38,128,200,6,17,3,111]
F15:[191,61,128,122,0,16,11,113]
F16:[190,55,126,238,2,22,5,111]
F17:[189,51,124,90,60,17,8,101]
F18:[186,15,128,224,15,32,15,110]
F19:[188,48,128,226,29,33,6,102]
F20:[141,17,126,24,52,25,6,108]
F21:[99,20,128,140,29,35,6,106]
F22:[101,17,128,140,20,4,8,109]
F23:[99,20,126,236,21,3,2,105]
F24:[103,20,128,66,21,21,10,110]
F25:[117,19,128,226,63,2,10,111]
F26:[131,21,128,66,9,28,0,103]
F27:[132,34,130,214,35,34,11,105]
F28:[130,26,124,160,21,1,12,107]
F29:[129,23,128,148,46,23,1,110]
F30:[119,30,128,130,10,33,11,107]
F31:[135,21,126,28,10,9,6,106]
F32:[100,20,124,174,54,28,13,109]
F33:[105,16,126,14,42,0,6,100]
F34:[106,34,126,74,23,29,15,96]
F35:[106,26,124,82,57,13,10,110]
F36:[130,20,128,44,27,34,9,103]
F37:[127,19,124,214,54,26,2,106]
F38:[127,27,126,32,10,22,0,111]
F39:[130,35,124,34,46,16,5,105]
=== SAMPLE 18 STOP ===
