=== SAMPLE 25 (flower) START ===
F0:[191,106,128,208,43,31,16,103]
F1:[192,92,128,40,5,34,2,104]
F2:[191,80,126,108,61,28,10,107]
F3:[191,84,124,70,41,9,16,111]
F4:[191,92,130,64,11,21,10,101]
F5:[188,48,124,4,17,6,4,110]
F6:[187,43,128,104,37,31,15,107]
F7:[152,35,126,246,56,7,1,107]
F8:[88,28,126,194,28,27,15,105]
F9:[84,29,130,44,35,23,17,112]
F10:[179,95,126,32,18,11,8,104]
F11:[193,107,126,20,7,13,13,109]
F12:[192,92,128,180,38,18,5,106]
F13:[191,94,126,20,29,21,8,102]
F14:[191,75,126,70,42,33,9,103]
F15:[188,60,124,26,2,10,6,99]
F16:[187,33,126,162,36,17,8,101]
F17:[182,46,126,230,5,8,7,112]
F18:[120,47,126,14,34,8,12,110]
F19:[86,29,128,28,47,24,9,102]
F20:[101,21,130,216,48,22,3,112]
F21:[113,11,126,202,53,25,10,106]
F22:[162,32,126,112,18,25,16,106]
F23:[119,21,128,126,35,27,0,102]
F24:[120,19,130,216,32,29,13,106]
F25:[126,17,122,74,61,31,2,107]
F26:[131,17,124,4,12,3,16,107]
F27:[131,14,128,66,38,5,8,105]
F28:[134,28,128,106,54,4,1,108]
F29:[130,45,130,134,23,1,3,111]
F30:[108,29,128,92,63,23,2,113]
F31:[112,11,132,156,63,23,7,112]
F32:[111,11,122,52,60,29,8,104]
F33:[117,32,124,36,58,25,2,104]
F34:[118,46,126,38,37,36,7,111]
F35:[122,16,126,178,18,4,8,109]
F36:[132,14,128,24,14,10,16,113]
F37:[130,16,126,148,60,33,3,102]
F38:[121,45,132,152,57,26,8,110]
F39:[135,26,124,38,41,18,8,108]
=== SAMPLE 25 STOP ===
