=== SAMPLE 27 (flower) START ===
F0:[188,74,126,98,11,8,8,106]
F1:[189,84,130,202,24,4,13,109]
F2:[192,101,126,64,1,21,6,107]
F3:[190,58,128,226,63,15,6,106]
F4:[183,12,130,174,36,10,7,109]
F5:[69,33,128,230,61,9,1,104]
F6:[50,28,128,248,45,12,12,112]
F7:[57,38,130,188,62,20,14,109]
F8:[68,73,130,94,23,29,16,107]
F9:[65,71,124,170,12,10,6,104]
F10:[177,86,128,194,51,1,5,110]
F11:[191,74,122,202,44,25,11,107]
F12:[189,75,124,156,52,18,7,105]
F13:[183,14,126,30,1,9,5,109]
F14:[191,66,122,18,21,12,3,104]
F15:[100,44,128,212,53,24,15,103]
F16:[53,28,128,220,30,20,14,110]
F17:[51,35,124,62,3,31,4,105]
F18:[88,53,124,162,47,18,8,112]
F19:[70,70,124,82,10,5,10,107]
F20:[91,41,126,24,46,31,3,102]
F21:[109,16,126,30,40,9,13,106]
F22:[114,20,126,60,29,2,3,103]
F23:[129,23,128,222,61,6,11,111]
F24:[131,20,128,212,37,4,2,106]
F25:[132,17,130,66,8,7,14,106]
F26:[131,10,128,72,28,32,3,105]
F27:[135,12,126,24,19,17,10,105]
F28:[155,19,120,178,1,0,7,100]
F29:[156,25,128,8,48,8,15,107]
F30:[112,26,128,4,17,25,16,105]
F31:[112,15,128,198,24,33,6,107]
F32:[111,15,132,188,6,30,1,106]
F33:[119,37,130,248,63,8,4,112]
F34:[125,25,126,172,56,18,16,105]
F35:[131,17,120,30,55,3,9,96]
F36:[135,12,126,72,22,33,4,105]
F37:[133,11,122,86,35,15,9,101]
F38:[127,30,128,72,21,28,12,104]
F39:[156,19,130,198,38,32,8,109]
=== SAMPLE 27 STOP ===
