=== SAMPLE 8 (flower) START ===
F0:[171,5,134,238,31,33,16,116]
F1:[176,5,128,180,30,25,2,106]
F2:[141,11,132,236,55,34,6,105]
F3:[83,25,134,104,32,6,5,109]
F4:[139,40,126,134,39,1,2,105]
F5:[65,28,132,232,40,8,11,109]
F6:[51,27,128,62,40,28,2,109]
F7:[57,40,128,14,34,34,5,113]
F8:[73,59,128,160,40,33,8,107]
F9:[74,73,128,192,54,19,9,106]
F10:[146,12,128,92,48,35,4,102]
F11:[170,0,130,74,7,13,14,109]
F12:[165,2,128,242,57,7,16,110]
F13:[112,37,124,136,6,10,12,99]
F14:[90,27,128,138,61,5,12,106]
F15:[59,29,126,132,7,4,1,105]
F16:[57,39,124,148,2,28,8,111]
F17:[52,36,124,90,17,16,12,104]
F18:[68,67,124,100,47,35,11,95]
F19:[67,70,126,54,49,8,0,99]
F20:[109,32,126,4,4,18,5,106]
F21:[152,19,126,84,61,22,15,102]
F22:[153,14,130,110,26,36,16,109]
F23:[167,12,126,64,46,36,7,105]
F24:[155,21,122,32,11,9,12,102]
F25:[169,8,128,140,44,35,14,104]
F26:[176,8,128,188,0,9,7,101]
F27:[173,6,128,126,23,4,2,110]
F28:[165,19,126,58,40,2,2,104]
F29:[162,46,128,26,8,22,15,105]
F30:[170,14,126,172,63,36,16,106]
F31:[154,15,126,168,33,31,6,108]
F32:[183,12,128,138,53,31,3,113]
F33:[164,15,130,156,41,5,0,110]
F34:[166,11,126,246,31,33,7,114]
F35:[166,33,124,60,29,15,14,108]
F36:[181,15,122,194,16,1,10,98]
F37:[173,8,124,10,56,4,7,105]
F38:[177,11,126,64,33,8,13,103]
F39:[166,16,124,170,48,10,10,103]
=== SAMPLE 8 STOP ===
