=== SAMPLE 24 (flower) START ===
F0:[170,76,128,130,43,5,17,107]
F1:[147,52,126,10,20,21,5,105]
F2:[95,45,128,170,59,24,10,105]
F3:[47,30,126,46,40,4,8,110]
F4:[103,53,130,152,17,2,7,116]
F5:[66,50,126,14,5,21,2,114]
F6:[65,50,130,152,42,12,12,114]
F7:[65,61,126,42,20,36,5,105]
F8:[93,52,126,144,25,16,15,101]
F9:[84,65,130,98,61,29,16,110]
F10:[130,49,126,162,23,11,13,99]
F11:[143,53,122,160,28,14,4,106]
F12:[157,70,128,172,24,2,11,104]
F13:[48,30,130,88,18,24,10,109]
F14:[44,32,124,24,11,18,6,107]
F15:[58,44,128,10,53,36,5,107]
F16:[175,22,128,216,61,35,0,104]
F17:[63,57,126,172,6,27,11,105]
F18:[74,57,126,196,19,6,1,106]
F19:[76,57,124,80,25,20,0,104]
F20:[120,30,126,208,50,32,8,106]
F21:[158,11,126,242,36,7,9,105]
F22:[159,12,130,126,18,36,10,108]
F23:[151,26,128,122,35,30,9,110]
F24:[151,23,132,44,20,15,6,112]
F25:[155,14,128,184,45,11,9,109]
F26:[167,7,128,4,23,25,3,98]
F27:[167,7,130,214,41,19,9,107]
F28:[165,17,122,70,48,14,10,96]
F29:[185,16,126,120,39,6,11,105]
F30:[176,12,128,74,25,10,8,108]
F31:[160,12,124,238,58,5,10,98]
F32:[177,21,126,176,42,12,13,107]
F33:[152,16,124,26,63,27,5,108]
F34:[148,17,126,156,60,2,16,107]
F35:[153,24,128,120,62,16,7,102]
F36:[167,6,126,126,25,22,4,104]
F37:[167,8,124,50,36,2,4,102]
F38:[177,14,122,96,62,28,2,107]
F39:[169,15,130,232,8,23,8,107]
=== SAMPLE 24 STOP ===
