=== SAMPLE 17 (flower) START ===
F0:[183,70,126,68,45,11,13,110]
F1:[178,98,126,72,31,11,0,110]
F2:[147,69,122,122,47,10,3,104]
F3:[91,28,126,76,47,29,5,110]
F4:[126,44,126,18,16,0,15,97]
F5:[81,37,126,214,42,12,16,109]
F6:[83,39,128,106,6,5,12,99]
F7:[95,42,126,62,35,16,14,106]
F8:[112,45,128,192,51,20,9,108]
F9:[81,52,130,134,38,13,3,109]
F10:[153,92,128,194,19,29,9,109]
F11:[180,102,126,48,11,0,2,107]
F12:[171,74,122,34,27,2,4,102]
F13:[110,31,126,116,28,12,16,108]
F14:[95,29,124,8,7,4,16,107]
F15:[90,36,126,78,44,16,10,103]
F16:[121,30,126,236,3,32,4,105]
F17:[85,40,126,174,36,21,11,103]
F18:[77,54,126,104,18,4,3,112]
F19:[99,56,128,188,38,24,15,106]
F20:[124,34,128,148,16,31,9,108]
F21:[152,20,130,74,24,0,9,101]
F22:[151,17,130,172,43,28,9,98]
F23:[140,31,126,130,17,6,3,106]
F24:[150,39,126,18,8,8,11,104]
F25:[165,21,128,158,32,14,10,109]
F26:[172,24,130,208,13,18,15,107]
F27:[168,16,126,54,47,12,1,110]
F28:[171,25,124,56,56,24,16,100]
F29:[183,7,128,112,34,14,11,111]
F30:[175,11,132,170,45,19,11,96]
F31:[152,19,128,98,37,33,8,106]
F32:[152,20,124,72,45,35,13,104]
F33:[159,19,124,144,8,27,12,104]
F34:[163,17,126,24,50,29,14,105]
F35:[142,31,126,128,0,3,6,100]
F36:[170,17,124,32,51,22,13,100]
F37:[169,20,126,68,22,6,16,106]
F38:[176,15,124,162,55,7,4,107]
F39:[167,17,132,244,29,19,5,102]
=== SAMPLE 17 STOP ===
