=== SAMPLE 31 (flower) START ===
F0:[188,46,124,68,10,36,1,108]
F1:[191,28,126,114,39,9,10,102]
F2:[189,34,126,74,54,0,10,111]
F3:[189,38,128,246,48,14,7,111]
F4:[187,25,128,186,57,32,9,110]
F5:[106,18,124,144,37,17,10,100]
F6:[97,20,128,210,59,26,11,106]
F7:[84,28,126,248,41,0,16,106]
F8:[80,44,130,244,34,10,0,111]
F9:[103,52,128,210,12,16,14,104]
F10:[164,49,126,74,46,5,10,105]
F11:[189,35,124,22,35,22,5,105]
F12:[190,46,126,10,43,8,1,102]
F13:[192,44,130,90,29,3,12,106]
F14:[188,33,124,38,43,0,10,106]
F15:[129,23,128,30,29,1,13,108]
F16:[99,21,126,122,29,34,8,105]
F17:[156,28,128,198,42,32,6,100]
F18:[72,46,126,140,18,14,6,98]
F19:[72,42,124,202,7,12,10,101]
F20:[113,36,126,108,43,17,3,100]
F21:[130,23,130,226,58,24,12,108]
F22:[123,20,128,82,38,23,2,104]
F23:[141,14,130,40,34,30,16,107]
F24:[122,27,132,184,0,9,8,104]
F25:[135,23,128,226,35,0,1,111]
F26:[160,15,124,30,55,32,1,105]
F27:[163,15,128,90,27,23,6,105]
F28:[137,17,124,34,19,32,7,100]
F29:[137,28,122,84,46,4,7,109]
F30:[150,15,128,226,47,27,10,103]
F31:[121,20,128,80,22,0,3,111]
F32:[151,20,124,78,54,15,14,108]
F33:[128,24,124,114,44,32,1,104]
F34:[143,16,128,176,34,11,15,111]
F35:[145,15,124,204,32,12,1,107]
F36:[163,21,128,46,44,35,5,101]
F37:[162,19,128,244,2,20,8,104]
F38:[163,15,124,56,61,4,5,112]
F39:[165,16,130,220,52,6,4,109]
=== SAMPLE 31 STOP ===
