=== SAMPLE 14 (flower) START ===
F0:[164,0,128,116,39,26,14,103]
F1:[165,0,128,162,12,31,0,103]
F2:[172,14,124,192,40,19,13,102]
F3:[148,33,124,164,40,11,11,93]
F4:[108,20,128,202,2,0,16,113]
F5:[59,39,128,222,26,20,16,107]
F6:[64,47,128,202,4,35,4,105]
F7:[69,48,128,206,35,6,0,107]
F8:[80,42,124,122,9,6,3,105]
F9:[79,47,124,242,52,12,16,105]
F10:[154,17,132,120,43,9,3,112]
F11:[167,7,124,34,49,27,16,101]
F12:[157,3,128,38,48,9,13,106]
F13:[103,19,130,146,25,27,5,106]
F14:[177,34,124,132,59,26,3,108]
F15:[86,43,130,128,34,5,9,107]
F16:[61,43,126,56,31,19,16,107]
F17:[66,43,126,238,59,16,6,104]
F18:[83,52,128,210,40,17,3,102]
F19:[83,40,128,248,16,23,12,105]
F20:[115,30,128,144,60,24,4,110]
F21:[146,16,122,40,14,16,1,106]
F22:[183,23,126,44,17,26,3,101]
F23:[146,20,126,66,37,3,4,114]
F24:[156,16,128,134,53,36,1,113]
F25:[159,14,128,78,41,9,13,108]
F26:[177,38,130,138,53,26,13,106]
F27:[168,12,126,184,28,36,10,102]
F28:[173,7,126,148,59,31,11,99]
F29:[168,20,132,118,12,19,10,106]
F30:[156,25,128,70,28,3,4,109]
F31:[148,15,126,32,45,33,0,105]
F32:[147,15,124,6,18,25,2,103]
F33:[135,28,128,10,34,1,6,108]
F34:[130,36,126,62,26,17,3,104]
F35:[157,14,126,84,61,30,3,107]
F36:[167,12,128,186,43,28,5,104]
F37:[167,11,126,40,2,34,7,116]
F38:[160,21,124,24,58,32,6,100]
F39:[174,7,130,194,25,5,11,101]
=== SAMPLE 14 STOP ===
