=== SAMPLE 19 (flower) START ===
F0:[188,88,130,232,34,35,2,112]
F1:[189,85,128,46,37,7,9,113]
F2:[186,53,128,50,4,33,5,109]
F3:[184,15,128,234,33,25,13,106]
F4:[189,43,126,98,24,14,10,107]
F5:[137,21,124,44,31,2,7,109]
F6:[128,19,130,224,26,18,8,108]
F7:[132,30,126,62,33,27,12,101]
F8:[124,35,128,156,42,7,6,113]
F9:[92,41,122,60,12,36,0,100]
F10:[168,70,126,198,53,35,1,106]
F11:[189,78,122,234,25,6,4,112]
F12:[187,64,126,210,48,21,14,106]
F13:[183,15,128,226,28,23,3,97]
F14:[184,20,124,58,5,8,16,103]
F15:[149,16,124,60,2,7,3,103]
F16:[131,20,128,160,17,10,5,96]
F17:[126,21,122,68,22,12,0,102]
F18:[92,40,120,194,12,4,17,105]
F19:[94,41,128,58,52,23,16,109]
F20:[119,19,130,160,56,24,10,106]
F21:[117,11,126,176,51,23,7,105]
F22:[121,12,130,172,42,11,7,105]
F23:[129,32,128,138,52,18,14,107]
F24:[136,41,126,224,38,6,16,102]
F25:[155,23,126,144,2,16,8,107]
F26:[164,11,128,58,32,28,4,111]
F27:[164,11,128,196,54,24,2,107]
F28:[148,28,126,214,35,13,9,102]
F29:[175,15,128,104,12,9,11,110]
F30:[159,15,124,16,46,21,15,106]
F31:[120,11,128,120,26,21,1,106]
F32:[121,12,128,130,9,27,9,113]
F33:[139,24,128,12,62,3,13,106]
F34:[147,24,126,120,5,7,16,101]
F35:[136,21,126,54,0,13,8,109]
F36:[165,11,128,92,18,13,7,103]
F37:[162,10,128,112,58,12,2,104]
F38:[172,19,124,200,41,28,16,100]
F39:[137,24,128,158,51,23,11,108]
=== SAMPLE 19 STOP ===
