=== SAMPLE 0 (flower2) START ===
F0:[148,53,126,20,11,234,208,170,94]
F1:[108,80,128,16,50,229,193,177,88]
F2:[75,81,126,38,255,229,204,172,95]
F3:[130,66,126,94,75,229,191,172,183]
F4:[138,74,126,32,50,204,206,176,136]
F5:[135,31,128,16,50,229,189,176,125]
F6:[144,42,126,58,50,219,191,175,137]
F7:[138,25,128,106,37,224,184,173,122]
F8:[141,29,126,18,50,229,206,176,131]
F9:[146,33,128,46,75,198,204,172,133]
F10:[136,74,126,98,62,229,187,174,118]
F11:[113,76,128,120,75,204,184,171,105]
F12:[74,74,126,188,75,229,197,177,89]
F13:[130,90,126,60,50,204,201,177,184]
F14:[135,56,126,92,62,214,195,174,133]
F15:[117,43,128,116,50,224,197,177,110]
F16:[140,42,128,72,50,204,182,176,151]
F17:[140,20,126,40,37,198,193,173,128]
F18:[140,21,126,124,50,214,204,175,128]
F19:[138,39,126,96,62,214,197,172,126]
F20:[169,61,126,30,24,224,199,171,159]
F21:[187,64,126,10,62,209,197,174,146]
F22:[196,17,128,118,62,209,182,176,137]
F23:[183,48,126,12,62,229,189,173,115]
F24:[176,112,128,100,255,224,195,170,121]
F25:[189,10,128,26,62,204,193,175,141]
F26:[194,23,126,30,88,229,201,175,133]
F27:[193,60,128,130,75,209,187,176,127]
F28:[185,2,126,42,75,224,197,177,120]
F29:[184,1,128,6,75,214,191,173,127]
F30:[183,57,126,12,62,229,189,169,127]
F31:[187,73,126,88,50,219,195,174,132]
F32:[196,12,126,166,75,229,195,175,137]
F33:[187,79,128,62,24,209,195,174,119]
F34:[177,93,128,58,75,209,195,174,118]
F35:[187,10,128,26,62,209,195,175,138]
F36:[194,15,126,76,62,209,199,177,135]
F37:[191,82,124,14,50,224,201,174,125]
F38:[188,2,128,8,50,224,199,178,125]
F39:[182,1,128,46,62,219,195,178,122]
=== SAMPLE 0 STOP ===
