=== SAMPLE 26 (flower) START ===
F0:[185,25,126,38,47,10,2,108]
F1:[185,17,124,38,41,5,10,100]
F2:[188,52,126,122,43,26,11,104]
F3:[187,69,124,142,25,12,6,105]
F4:[186,15,126,42,50,34,16,100]
F5:[92,29,128,222,12,18,1,109]
F6:[72,30,126,50,42,16,11,105]
F7:[61,29,134,194,32,24,1,112]
F8:[46,65,124,42,41,28,1,102]
F9:[45,58,130,210,35,20,13,110]
F10:[169,41,128,26,28,11,10,100]
F11:[185,24,130,152,56,32,2,110]
F12:[185,20,126,126,8,0,12,108]
F13:[185,15,124,66,60,30,4,99]
F14:[190,94,128,244,10,25,14,110]
F15:[115,43,124,92,7,25,7,105]
F16:[79,25,124,44,55,8,16,101]
F17:[66,31,126,234,57,20,15,110]
F18:[61,66,124,72,9,35,5,104]
F19:[48,65,132,186,52,32,6,104]
F20:[76,33,128,134,46,21,4,109]
F21:[103,16,124,10,22,2,8,99]
F22:[115,38,128,224,29,24,15,103]
F23:[111,45,128,34,24,34,4,104]
F24:[120,34,126,166,23,5,9,105]
F25:[130,23,128,42,40,9,14,105]
F26:[146,16,130,248,52,19,5,108]
F27:[144,15,126,164,21,20,15,109]
F28:[152,20,126,188,1,5,12,111]
F29:[155,32,130,198,43,32,10,110]
F30:[104,35,126,218,51,3,2,109]
F31:[103,15,128,214,42,26,7,101]
F32:[104,17,128,250,47,26,16,111]
F33:[100,42,126,240,27,35,14,107]
F34:[107,53,130,238,28,30,2,105]
F35:[125,26,130,106,38,24,0,115]
F36:[146,15,124,106,4,20,16,102]
F37:[144,17,132,148,2,28,6,116]
F38:[124,52,126,214,19,3,13,108]
F39:[155,20,128,90,46,27,5,107]
=== SAMPLE 26 STOP ===
