=== SAMPLE 7 (seven) START ===
F0:[133,111,128,88,37,198,189,175,74]
F1:[136,85,128,98,50,224,180,176,131]
F2:[130,114,126,22,75,224,206,175,122]
F3:[121,77,128,64,62,209,182,174,119]
F4:[130,110,128,234,24,214,191,174,137]
F5:[156,67,128,30,50,214,201,175,154]
F6:[147,87,126,16,62,234,197,173,119]
F7:[156,67,128,48,24,234,187,175,137]
F8:[141,81,126,4,88,219,199,170,113]
F9:[154,72,126,22,88,229,199,173,141]
F10:[129,101,126,92,62,209,195,175,103]
F11:[131,113,126,22,62,219,189,173,130]
F12:[128,94,128,90,62,214,195,178,125]
F13:[132,107,126,60,37,214,191,172,132]
F14:[124,99,128,240,37,193,193,171,120]
F15:[148,79,128,68,11,224,191,173,152]
F16:[161,68,126,38,75,224,201,176,141]
F17:[144,85,128,32,11,219,187,173,111]
F18:[151,74,126,40,75,204,201,175,135]
F19:[149,79,126,12,75,224,199,175,126]
F20:[156,81,128,54,11,214,199,176,135]
F21:[174,99,128,44,62,214,199,174,146]
F22:[174,75,128,120,75,229,189,177,128]
F23:[168,94,126,44,37,229,195,175,122]
F24:[174,80,126,40,88,209,201,175,134]
F25:[178,71,128,22,24,229,189,175,132]
F26:[186,58,126,194,50,219,193,175,136]
F27:[187,41,128,54,62,214,193,178,129]
F28:[183,58,126,22,75,229,193,176,124]
F29:[181,46,128,128,50,209,197,174,126]
F30:[178,76,126,62,50,219,204,175,125]
F31:[177,79,128,66,37,209,197,176,127]
F32:[168,94,128,6,88,204,191,177,119]
F33:[175,74,128,164,88,193,191,177,135]
F34:[169,96,126,34,62,209,208,177,122]
F35:[177,79,128,22,62,214,195,173,136]
F36:[187,41,128,20,62,219,187,172,138]
F37:[187,57,128,28,50,209,199,176,128]
F38:[183,49,126,48,50,224,201,174,124]
F39:[183,53,126,34,62,209,204,172,128]
=== SAMPLE 7 STOP ===
