=== SAMPLE 0 (seven) START ===
F0:[162,75,128,36,62,214,201,178,105]
F1:[163,73,126,64,62,224,193,173,129]
F2:[153,75,126,64,62,214,191,175,118]
F3:[156,76,126,248,50,204,193,170,131]
F4:[156,73,128,104,62,224,197,172,128]
F5:[167,119,126,38,50,209,189,169,139]
F6:[169,116,126,32,50,219,201,177,130]
F7:[169,130,126,40,50,214,201,174,128]
F8:[168,119,126,20,11,239,195,171,127]
F9:[167,119,128,168,75,224,191,176,127]
F10:[167,82,126,84,75,219,193,174,128]
F11:[167,72,128,6,88,204,193,178,128]
F12:[157,78,126,6,88,224,197,177,118]
F13:[160,77,128,140,62,224,195,178,131]
F14:[154,81,128,88,88,214,189,174,122]
F15:[163,96,126,4,101,224,184,174,137]
F16:[168,123,128,12,50,209,208,179,133]
F17:[169,119,124,30,50,229,206,169,129]
F18:[167,125,128,144,75,219,176,178,126]
F19:[167,119,126,42,37,224,201,173,128]
F20:[178,96,128,14,37,234,189,178,139]
F21:[188,78,126,94,75,198,199,172,138]
F22:[185,71,126,78,62,219,195,177,125]
F23:[183,78,128,150,50,214,189,176,126]
F24:[184,76,126,100,75,224,191,178,129]
F25:[189,44,128,96,50,219,187,177,133]
F26:[195,43,128,40,50,219,195,173,134]
F27:[197,25,126,66,62,229,187,174,130]
F28:[186,43,128,46,50,209,204,177,117]
F29:[186,35,128,56,24,214,201,179,128]
F30:[187,55,126,68,75,224,195,175,129]
F31:[187,74,126,54,75,214,191,172,128]
F32:[186,75,128,4,88,209,184,177,127]
F33:[184,80,126,52,75,229,195,173,126]
F34:[184,73,126,14,62,229,210,178,128]
F35:[186,61,126,46,75,234,195,179,130]
F36:[196,30,126,12,50,229,193,171,138]
F37:[195,39,126,4,88,214,197,174,127]
F38:[189,38,126,32,24,229,199,173,122]
F39:[186,29,128,50,62,224,193,173,125]
=== SAMPLE 0 STOP ===
