=== SAMPLE 4 (seven) START ===
F0:[162,121,126,8,75,234,195,173,104]
F1:[160,125,128,14,11,229,193,176,126]
F2:[161,129,128,14,75,224,182,179,129]
F3:[159,126,128,212,229,219,191,173,126]
F4:[158,142,126,20,62,224,199,169,127]
F5:[139,88,126,100,75,234,195,169,109]
F6:[124,83,128,126,75,229,182,177,113]
F7:[131,79,126,38,62,229,201,172,135]
F8:[128,88,128,86,37,198,187,175,125]
F9:[129,88,128,126,62,224,199,172,129]
F10:[152,114,126,24,24,234,204,177,151]
F11:[161,121,128,52,62,219,193,175,137]
F12:[157,130,128,32,62,209,206,178,124]
F13:[161,120,126,4,88,209,197,171,132]
F14:[158,139,126,66,75,214,201,174,125]
F15:[142,101,128,10,88,214,187,176,112]
F16:[132,79,128,4,75,214,201,176,118]
F17:[128,80,126,56,62,204,191,176,124]
F18:[131,88,126,70,50,219,197,170,131]
F19:[127,81,126,50,62,214,208,176,124]
F20:[159,88,128,118,75,219,184,173,160]
F21:[190,80,128,98,24,224,191,176,159]
F22:[187,74,126,22,37,219,201,173,125]
F23:[185,71,128,26,24,219,195,178,126]
F24:[185,83,126,26,62,214,204,175,128]
F25:[188,38,126,22,75,224,191,172,131]
F26:[194,0,126,10,62,224,197,173,134]
F27:[193,0,126,42,62,204,201,176,127]
F28:[183,0,128,4,88,204,184,176,118]
F29:[181,0,126,34,242,229,197,169,126]
F30:[185,23,128,44,62,198,206,176,132]
F31:[189,74,128,48,75,214,187,175,132]
F32:[188,76,128,12,50,229,182,175,127]
F33:[184,82,126,6,88,219,204,174,124]
F34:[185,71,126,32,255,234,208,176,129]
F35:[187,60,128,64,50,209,195,175,130]
F36:[193,0,126,62,88,229,182,175,134]
F37:[193,0,126,52,62,234,197,172,128]
F38:[186,0,126,98,62,219,187,173,121]
F39:[181,0,128,88,62,214,197,175,123]
=== SAMPLE 4 STOP ===
