=== SAMPLE 2 (seven2) START ===
F0:[157,64,126,104,24,214,195,174,99]
F1:[140,64,128,90,50,219,193,175,111]
F2:[155,69,126,102,37,219,193,174,143]
F3:[151,75,126,74,75,219,187,173,124]
F4:[141,51,128,46,37,214,193,177,118]
F5:[140,74,126,182,62,214,191,177,127]
F6:[141,112,128,56,37,209,184,177,129]
F7:[135,43,128,142,24,198,189,173,122]
F8:[133,44,126,30,37,229,197,173,126]
F9:[144,71,126,48,62,209,191,175,139]
F10:[153,71,128,56,62,214,174,172,137]
F11:[142,51,128,50,50,219,201,178,117]
F12:[153,66,126,38,62,214,201,174,139]
F13:[153,65,126,72,62,224,197,175,128]
F14:[139,46,128,236,37,214,193,173,114]
F15:[139,74,126,8,75,209,197,170,128]
F16:[141,107,128,28,50,229,191,177,130]
F17:[130,38,128,90,11,219,182,173,117]
F18:[138,51,126,24,62,214,193,172,136]
F19:[137,99,128,154,62,214,193,172,127]
F20:[170,88,128,164,50,234,187,172,161]
F21:[195,35,126,16,50,224,201,175,153]
F22:[192,57,128,132,62,219,193,178,125]
F23:[185,62,126,38,75,214,212,172,121]
F24:[184,25,128,86,62,224,197,177,127]
F25:[187,41,126,86,75,219,197,173,131]
F26:[195,55,126,112,37,214,193,168,136]
F27:[194,1,128,30,50,193,195,174,127]
F28:[184,2,126,40,37,209,201,173,118]
F29:[188,60,126,14,37,239,201,177,132]
F30:[190,69,126,24,88,229,197,176,130]
F31:[195,25,128,16,62,229,187,176,133]
F32:[192,67,126,32,50,224,206,176,125]
F33:[185,62,126,54,50,214,206,173,121]
F34:[185,35,128,52,50,224,199,170,128]
F35:[185,35,126,202,62,219,193,169,128]
F36:[193,74,126,118,62,204,199,171,136]
F37:[195,2,128,78,50,209,182,176,130]
F38:[187,0,128,14,50,229,191,173,120]
F39:[189,73,128,172,62,204,193,175,130]
=== SAMPLE 2 STOP ===
