=== SAMPLE 1 (seven2) START ===
F0:[98,53,126,206,62,224,178,170,38]
F1:[103,60,126,36,50,209,201,173,133]
F2:[145,78,128,20,50,239,184,177,170]
F3:[137,73,128,62,37,198,187,175,120]
F4:[116,51,128,4,62,209,193,174,107]
F5:[143,67,128,10,50,229,180,172,155]
F6:[149,60,126,34,75,224,201,174,134]
F7:[161,48,126,154,255,209,193,168,140]
F8:[147,38,128,106,50,183,204,178,114]
F9:[132,62,126,10,75,224,193,172,113]
F10:[126,73,126,4,88,204,193,174,122]
F11:[115,46,128,60,62,209,189,175,117]
F12:[148,79,126,128,62,209,193,173,161]
F13:[130,64,128,56,37,214,187,174,110]
F14:[104,60,124,78,88,224,191,173,102]
F15:[131,68,126,8,75,234,197,175,155]
F16:[138,64,126,112,62,209,199,174,135]
F17:[157,41,128,10,75,214,182,173,147]
F18:[156,55,126,22,50,224,204,171,127]
F19:[136,78,128,122,37,209,178,173,108]
F20:[172,43,128,58,75,209,182,179,164]
F21:[195,51,126,26,50,219,197,171,151]
F22:[193,38,128,60,50,198,206,174,126]
F23:[185,23,128,108,24,209,191,178,120]
F24:[186,39,128,6,75,229,197,175,129]
F25:[189,43,126,24,50,214,204,176,131]
F26:[194,60,128,40,50,214,201,175,133]
F27:[196,1,126,86,50,229,195,174,130]
F28:[186,2,126,112,75,229,195,170,118]
F29:[186,60,126,68,50,234,197,178,128]
F30:[187,25,126,16,62,234,191,175,129]
F31:[196,33,128,46,24,209,204,175,137]
F32:[191,55,126,4,88,224,193,170,123]
F33:[187,19,128,160,24,219,184,176,124]
F34:[186,38,128,84,37,209,199,173,127]
F35:[187,52,128,240,75,214,199,176,129]
F36:[192,73,128,96,24,204,191,177,133]
F37:[197,2,126,130,50,204,199,173,133]
F38:[188,1,128,82,11,239,195,174,119]
F39:[186,64,126,98,75,224,199,175,126]
=== SAMPLE 1 STOP ===
