=== SAMPLE 9 (seven) START ===
F0:[141,69,124,6,62,224,197,168,89]
F1:[146,41,128,120,62,204,191,173,133]
F2:[138,66,126,78,75,214,197,171,120]
F3:[139,50,126,10,75,244,204,178,129]
F4:[130,39,128,128,50,214,195,174,119]
F5:[175,99,126,70,75,209,189,173,173]
F6:[181,92,126,30,50,209,197,173,134]
F7:[179,110,126,34,62,214,195,173,126]
F8:[175,85,128,90,50,183,193,178,124]
F9:[176,110,126,142,62,229,189,175,129]
F10:[154,66,130,212,37,224,187,175,106]
F11:[140,56,128,76,37,198,199,175,114]
F12:[143,46,128,8,62,209,197,178,131]
F13:[131,54,128,12,62,234,195,177,116]
F14:[144,49,126,14,62,234,204,177,141]
F15:[161,74,128,28,50,193,201,174,145]
F16:[179,114,126,48,50,229,197,176,146]
F17:[179,87,126,10,62,244,195,172,128]
F18:[177,105,126,18,50,219,193,171,126]
F19:[175,96,128,34,75,204,201,175,126]
F20:[173,80,126,42,62,224,193,175,126]
F21:[174,92,128,130,50,234,174,176,129]
F22:[173,75,126,208,75,219,197,174,127]
F23:[168,94,128,20,50,209,197,175,123]
F24:[170,75,126,88,37,214,195,173,130]
F25:[178,110,128,30,50,214,197,179,136]
F26:[186,90,126,74,62,224,184,175,136]
F27:[188,99,126,4,75,209,204,172,130]
F28:[184,106,126,144,37,229,195,175,124]
F29:[182,85,126,8,88,224,187,176,126]
F30:[179,98,126,72,75,214,193,172,125]
F31:[176,78,126,36,37,204,201,175,125]
F32:[170,88,128,70,62,204,187,180,122]
F33:[171,75,126,12,37,234,197,173,129]
F34:[169,84,128,82,75,198,193,178,126]
F35:[173,101,126,22,37,214,195,176,132]
F36:[187,90,126,6,88,219,187,177,142]
F37:[187,111,128,58,50,219,187,173,128]
F38:[184,83,126,8,75,229,204,173,125]
F39:[185,112,128,68,62,209,184,174,129]
=== SAMPLE 9 STOP ===
