=== SAMPLE 8 (seven2) START ===
F0:[159,85,126,18,62,219,197,174,104]
F1:[100,59,126,48,37,214,193,173,69]
F2:[106,49,126,4,88,214,199,173,134]
F3:[157,76,126,32,75,193,210,176,179]
F4:[135,67,126,128,62,224,189,171,106]
F5:[147,23,126,76,50,224,204,171,140]
F6:[155,46,126,50,75,224,195,172,136]
F7:[141,85,126,50,24,214,197,175,114]
F8:[161,24,128,64,62,193,199,175,148]
F9:[159,32,126,16,62,239,195,175,126]
F10:[149,85,128,50,50,229,199,174,118]
F11:[107,80,126,212,62,224,195,175,86]
F12:[111,53,128,68,50,204,197,174,132]
F13:[151,76,124,14,88,234,197,169,168]
F14:[150,65,128,178,50,219,195,170,127]
F15:[130,40,128,72,37,224,193,174,108]
F16:[154,28,126,18,50,229,206,174,152]
F17:[140,90,128,28,88,214,195,175,114]
F18:[161,30,126,24,50,224,201,173,149]
F19:[164,15,128,184,50,198,191,175,131]
F20:[168,71,126,60,75,229,195,173,132]
F21:[195,25,128,116,37,214,187,172,155]
F22:[196,35,126,52,37,224,201,173,129]
F23:[185,44,128,164,37,234,174,170,117]
F24:[187,34,128,214,50,214,180,175,130]
F25:[190,30,128,14,75,229,189,176,131]
F26:[192,24,126,6,88,224,180,177,130]
F27:[190,55,128,68,24,214,197,179,126]
F28:[186,24,128,186,24,219,195,170,124]
F29:[186,21,128,14,11,204,199,173,128]
F30:[189,71,128,248,50,219,197,171,131]
F31:[197,42,126,110,62,224,195,170,136]
F32:[194,30,130,134,50,214,195,173,125]
F33:[190,38,128,94,37,193,206,176,124]
F34:[186,37,128,32,88,198,197,174,124]
F35:[187,30,126,32,50,209,204,172,129]
F36:[192,47,126,38,50,229,204,174,133]
F37:[191,67,126,14,50,239,195,176,127]
F38:[188,20,126,12,37,239,193,175,125]
F39:[186,43,128,60,37,219,197,174,126]
=== SAMPLE 8 STOP ===
