=== SAMPLE 6 (seven2) START ===
F0:[130,28,126,16,75,239,201,177,71]
F1:[135,32,126,66,75,214,197,174,133]
F2:[151,110,128,24,75,219,199,175,144]
F3:[139,97,126,72,75,214,187,173,116]
F4:[138,30,126,16,50,214,204,173,127]
F5:[149,79,128,42,62,229,201,178,139]
F6:[146,93,128,178,62,204,204,175,125]
F7:[167,52,126,194,62,219,193,171,149]
F8:[173,48,128,44,62,229,193,175,134]
F9:[146,97,126,12,62,234,206,174,101]
F10:[137,32,128,20,24,239,187,176,119]
F11:[137,33,128,238,37,214,201,175,128]
F12:[145,101,126,58,24,234,193,179,136]
F13:[135,75,126,56,75,219,197,172,118]
F14:[127,24,128,24,50,229,199,176,120]
F15:[145,97,128,74,50,224,195,176,146]
F16:[149,99,126,12,11,229,189,173,132]
F17:[170,47,126,10,62,229,197,174,149]
F18:[163,62,128,66,50,204,187,175,121]
F19:[147,97,128,12,24,229,195,173,112]
F20:[183,55,126,62,62,214,201,177,164]
F21:[194,44,126,24,62,229,201,178,139]
F22:[192,64,128,34,75,229,199,177,126]
F23:[185,62,126,96,24,204,193,175,121]
F24:[185,34,128,230,50,193,182,169,128]
F25:[186,53,128,42,37,229,195,176,129]
F26:[190,78,128,34,62,209,204,173,132]
F27:[192,55,126,8,88,219,208,176,130]
F28:[187,58,126,36,75,214,195,172,123]
F29:[187,56,126,4,88,219,204,175,128]
F30:[186,56,126,26,62,214,206,176,127]
F31:[196,30,128,8,62,214,193,174,138]
F32:[191,73,128,70,37,229,197,174,123]
F33:[187,78,128,84,50,224,201,172,124]
F34:[184,35,126,38,62,198,199,176,125]
F35:[187,70,126,48,11,214,208,172,131]
F36:[188,56,128,70,62,198,197,177,129]
F37:[193,56,132,170,24,193,178,177,133]
F38:[189,71,126,6,88,224,210,177,124]
F39:[187,57,126,4,88,193,197,174,126]
=== SAMPLE 6 STOP ===
