=== SAMPLE 5 (seven2) START ===
F0:[129,61,126,4,88,214,201,173,75]
F1:[153,131,126,4,88,224,191,173,152]
F2:[127,46,126,22,50,229,191,178,102]
F3:[122,64,126,56,50,224,191,175,123]
F4:[145,114,128,74,11,224,184,177,151]
F5:[128,48,126,6,88,229,197,172,111]
F6:[133,19,126,36,62,219,199,175,133]
F7:[136,67,128,8,37,229,193,177,131]
F8:[134,49,128,88,50,209,197,174,126]
F9:[135,19,128,144,50,214,187,177,129]
F10:[130,61,126,38,37,198,201,175,123]
F11:[157,116,126,38,62,214,208,171,155]
F12:[127,64,126,28,37,229,195,179,98]
F13:[128,52,126,62,50,219,195,173,129]
F14:[148,134,128,32,62,198,204,174,148]
F15:[137,78,128,94,62,204,195,174,117]
F16:[132,19,126,12,24,239,195,171,123]
F17:[128,42,126,60,50,214,199,175,124]
F18:[141,66,128,30,75,219,182,173,141]
F19:[137,21,126,38,37,209,204,171,124]
F20:[169,17,128,20,37,224,187,177,160]
F21:[196,57,128,132,11,219,189,176,155]
F22:[192,11,126,100,50,224,199,177,124]
F23:[182,7,126,126,37,219,201,173,118]
F24:[188,85,126,10,37,224,204,175,134]
F25:[190,62,128,10,75,229,187,175,130]
F26:[191,35,126,18,62,229,195,173,129]
F27:[192,71,128,14,37,229,199,171,129]
F28:[187,111,126,46,50,209,210,178,123]
F29:[186,28,128,22,50,234,189,175,127]
F30:[189,38,128,136,50,224,191,176,131]
F31:[195,84,128,178,62,224,182,172,134]
F32:[193,6,128,84,62,214,180,168,126]
F33:[184,10,126,86,75,229,195,175,119]
F34:[188,64,128,168,75,209,191,174,132]
F35:[189,69,128,166,62,214,193,167,129]
F36:[191,28,128,144,24,224,201,176,130]
F37:[192,62,126,6,88,224,204,174,129]
F38:[189,119,126,8,75,234,197,177,125]
F39:[187,33,126,8,62,239,193,175,126]
=== SAMPLE 5 STOP ===
