=== SAMPLE 3 (seven2) START ===
F0:[112,59,128,76,37,229,197,176,51]
F1:[113,67,126,22,37,224,195,170,129]
F2:[127,75,126,226,50,219,195,170,142]
F3:[117,62,128,224,50,224,182,171,118]
F4:[115,68,128,12,50,234,189,173,126]
F5:[146,96,126,68,75,224,189,172,159]
F6:[149,107,128,116,37,219,191,169,131]
F7:[148,47,128,56,50,224,174,180,127]
F8:[150,79,126,26,62,214,206,173,130]
F9:[145,101,126,18,50,234,206,172,123]
F10:[120,50,128,48,75,224,201,176,103]
F11:[112,61,128,68,62,214,197,177,120]
F12:[136,65,128,210,37,204,184,172,152]
F13:[104,55,128,6,88,214,184,173,96]
F14:[122,79,128,34,62,214,193,174,146]
F15:[139,94,128,50,62,209,199,172,145]
F16:[148,88,126,18,75,234,197,177,137]
F17:[151,42,128,136,62,198,195,176,131]
F18:[146,47,130,64,11,209,182,178,123]
F19:[147,92,128,40,75,198,201,176,129]
F20:[170,19,126,14,50,239,195,174,151]
F21:[192,14,126,66,75,229,197,175,150]
F22:[187,66,126,24,50,198,197,173,123]
F23:[184,19,128,74,11,214,199,174,125]
F24:[182,12,126,14,88,224,182,177,126]
F25:[185,64,126,16,50,229,197,176,131]
F26:[192,52,126,178,50,209,195,171,135]
F27:[192,10,126,26,50,219,210,175,128]
F28:[185,37,128,36,24,183,206,177,121]
F29:[186,70,126,84,50,229,199,173,129]
F30:[185,15,126,80,62,214,195,174,127]
F31:[193,19,126,28,75,209,191,170,136]
F32:[186,78,128,26,37,209,199,176,121]
F33:[186,12,126,26,50,209,206,170,128]
F34:[183,12,128,142,62,224,193,174,125]
F35:[184,53,126,224,11,214,187,175,129]
F36:[191,69,126,42,75,224,204,178,135]
F37:[192,12,128,54,24,198,199,172,129]
F38:[189,53,128,124,50,209,187,171,125]
F39:[188,84,126,10,62,229,195,176,127]
=== SAMPLE 3 STOP ===
