=== SAMPLE 18 (Down) START ===
F0:[79,38,124,12,41,5,6,103]
F1:[78,38,124,210,26,6,12,102]
F2:[146,32,126,100,17,10,16,102]
F3:[114,50,128,178,31,14,10,103]
F4:[111,45,134,114,9,13,15,107]
F5:[93,44,124,8,22,2,13,98]
F6:[103,40,128,126,23,21,8,105]
F7:[86,40,122,52,55,29,10,102]
F8:[84,30,126,10,32,3,15,102]
F9:[81,33,130,184,8,21,0,103]
F10:[83,40,124,172,54,17,0,103]
F11:[77,37,126,222,44,13,4,104]
F12:[87,40,128,86,42,30,15,111]
F13:[102,58,128,214,53,21,16,108]
F14:[98,48,130,138,34,29,9,108]
F15:[101,44,130,188,37,14,5,112]
F16:[88,40,126,112,21,26,9,108]
F17:[90,41,128,74,17,20,11,104]
F18:[81,30,130,228,55,0,10,106]
F19:[90,31,128,124,53,28,9,102]
F20:[112,22,126,78,26,11,10,105]
F21:[146,17,126,66,23,31,8,109]
F22:[155,15,130,30,56,3,2,111]
F23:[152,23,128,150,21,32,3,99]
F24:[143,15,128,192,9,8,12,107]
F25:[133,16,130,106,33,12,16,109]
F26:[149,16,130,136,38,18,12,109]
F27:[150,15,130,22,34,0,3,104]
F28:[149,10,122,6,27,29,6,102]
F29:[150,16,130,188,19,1,5,109]
F30:[152,23,128,220,60,29,4,107]
F31:[144,15,124,18,59,23,11,102]
F32:[142,15,122,36,2,17,10,99]
F33:[129,23,124,44,59,21,13,106]
F34:[137,28,122,136,49,22,7,103]
F35:[147,17,124,112,4,34,2,104]
F36:[149,15,130,194,50,4,2,104]
F37:[152,16,126,196,57,11,0,107]
F38:[150,28,124,214,27,23,13,103]
F39:[149,10,130,250,58,0,2,102]
=== SAMPLE 18 STOP ===
