=== SAMPLE 26 (Down) START ===
F0:[77,35,128,40,52,15,0,105]
F1:[79,37,128,234,15,19,4,109]
F2:[79,33,128,164,38,3,10,103]
F3:[92,44,126,56,41,18,15,100]
F4:[102,45,128,238,7,11,0,99]
F5:[95,37,128,214,44,22,0,107]
F6:[92,38,124,182,24,7,5,105]
F7:[98,56,126,158,50,4,15,110]
F8:[102,42,126,4,10,17,7,110]
F9:[107,38,132,60,40,33,8,112]
F10:[81,41,126,148,45,33,0,108]
F11:[79,32,126,240,28,28,6,104]
F12:[80,40,126,240,48,9,12,105]
F13:[103,45,128,42,55,17,5,104]
F14:[86,42,128,10,39,24,14,106]
F15:[97,44,126,224,38,3,1,107]
F16:[91,38,126,64,40,16,6,102]
F17:[97,39,128,184,51,36,14,110]
F18:[87,61,128,6,23,30,12,113]
F19:[101,37,128,10,57,16,5,107]
F20:[126,25,128,136,37,9,10,108]
F21:[149,8,126,44,47,8,14,106]
F22:[145,7,128,22,28,35,15,111]
F23:[139,37,124,200,1,2,1,103]
F24:[133,12,126,170,57,25,4,104]
F25:[142,11,128,248,40,6,8,111]
F26:[155,8,128,68,17,33,9,110]
F27:[154,6,128,138,49,27,8,112]
F28:[165,11,128,224,39,5,3,106]
F29:[163,11,124,202,63,7,1,105]
F30:[150,7,128,142,31,11,3,104]
F31:[144,7,128,222,56,30,13,107]
F32:[145,7,130,76,52,17,2,108]
F33:[142,35,124,122,17,1,11,104]
F34:[139,43,126,134,10,32,14,110]
F35:[139,12,124,202,46,1,9,111]
F36:[154,7,128,26,30,23,5,113]
F37:[153,7,128,48,6,29,8,107]
F38:[155,7,126,38,4,19,14,99]
F39:[165,10,126,198,22,9,2,99]
=== SAMPLE 26 STOP ===
