=== SAMPLE 10 (Down) START ===
F0:[191,33,128,50,37,224,201,180,133]
F1:[191,51,128,164,62,219,193,175,128]
F2:[185,37,128,16,75,224,189,175,122]
F3:[182,44,128,60,62,204,195,179,125]
F4:[182,38,128,70,62,224,193,175,128]
F5:[155,111,126,60,75,224,195,177,101]
F6:[152,111,126,22,75,234,201,176,125]
F7:[153,117,126,10,62,234,193,175,129]
F8:[153,111,126,14,50,229,204,177,128]
F9:[153,110,126,78,75,214,195,172,128]
F10:[184,64,126,22,37,229,201,177,159]
F11:[194,37,128,58,62,204,187,179,138]
F12:[191,42,126,52,62,209,199,176,125]
F13:[183,37,128,80,75,204,187,175,120]
F14:[176,38,126,62,75,204,201,174,121]
F15:[160,88,128,90,50,224,193,181,112]
F16:[152,115,126,118,75,224,199,172,120]
F17:[151,116,128,68,24,229,195,173,127]
F18:[155,115,126,42,62,229,206,174,132]
F19:[152,111,126,8,75,209,195,171,125]
F20:[174,74,128,234,24,224,189,173,150]
F21:[195,80,126,4,101,229,193,170,149]
F22:[194,71,128,38,88,234,201,177,127]
F23:[185,65,126,12,62,244,199,175,119]
F24:[186,79,128,92,75,209,197,175,129]
F25:[189,87,126,36,75,214,197,172,131]
F26:[196,51,126,24,88,229,195,175,135]
F27:[195,71,126,94,62,229,199,173,127]
F28:[190,56,128,16,75,193,199,173,123]
F29:[188,65,128,34,50,209,206,176,126]
F30:[190,53,126,76,62,229,187,172,130]
F31:[195,79,128,74,24,219,197,176,133]
F32:[194,62,126,10,50,234,197,176,127]
F33:[187,74,128,224,37,219,182,172,121]
F34:[185,64,128,76,62,209,195,175,126]
F35:[188,84,126,60,75,224,197,172,131]
F36:[195,70,128,126,75,209,195,177,135]
F37:[195,61,128,110,24,219,195,176,128]
F38:[191,60,128,60,37,229,172,175,124]
F39:[188,74,126,96,50,209,195,171,125]
=== SAMPLE 10 STOP ===
