=== SAMPLE 4 (down2) START ===
F0:[94,66,126,76,37,229,191,174,40]
F1:[104,62,126,30,75,229,195,175,138]
F2:[97,63,126,20,50,224,193,174,121]
F3:[98,66,126,70,50,229,201,173,129]
F4:[108,57,126,10,62,214,187,173,138]
F5:[149,96,128,66,37,224,201,176,169]
F6:[144,25,128,38,255,219,187,174,123]
F7:[138,17,128,74,75,214,199,181,122]
F8:[144,57,128,56,62,214,180,177,134]
F9:[148,88,128,160,62,198,178,177,132]
F10:[104,52,126,64,50,219,187,174,84]
F11:[98,60,126,80,50,239,193,170,122]
F12:[100,66,126,8,62,229,193,176,130]
F13:[100,71,130,6,75,193,187,181,128]
F14:[96,65,126,28,50,209,199,176,124]
F15:[135,84,126,138,75,224,187,175,167]
F16:[139,23,128,18,24,214,206,175,132]
F17:[141,23,128,178,255,214,191,179,130]
F18:[146,44,128,20,75,234,189,172,133]
F19:[144,84,128,4,88,209,189,174,126]
F20:[170,14,126,6,88,219,191,173,154]
F21:[194,57,128,54,50,224,195,178,152]
F22:[188,83,128,10,62,219,191,173,122]
F23:[183,3,126,36,50,224,189,172,123]
F24:[182,35,128,102,50,224,187,175,127]
F25:[189,67,126,38,37,219,204,174,135]
F26:[193,17,128,60,75,204,187,177,132]
F27:[192,20,126,24,62,219,199,175,127]
F28:[184,33,128,4,88,224,189,174,120]
F29:[183,49,128,84,62,219,201,175,127]
F30:[185,10,128,4,101,224,187,172,130]
F31:[193,43,126,16,75,224,199,172,136]
F32:[189,84,126,22,62,224,206,172,124]
F33:[185,5,126,188,75,198,197,176,124]
F34:[183,35,128,86,62,219,182,177,126]
F35:[188,69,126,24,62,209,201,176,133]
F36:[192,21,126,20,24,229,199,171,132]
F37:[192,17,128,34,50,209,189,172,128]
F38:[186,24,128,166,24,214,174,171,122]
F39:[184,49,128,128,62,214,193,177,126]
=== SAMPLE 4 STOP ===
