=== SAMPLE 17 (Down) START ===
F0:[72,19,126,48,6,11,13,104]
F1:[95,21,130,88,34,21,4,103]
F2:[73,33,128,116,44,26,0,108]
F3:[81,40,130,34,59,24,15,107]
F4:[82,59,126,170,46,24,4,99]
F5:[93,38,128,196,14,12,11,110]
F6:[100,40,128,16,52,23,8,112]
F7:[95,44,128,24,27,23,0,108]
F8:[89,43,124,140,57,34,4,110]
F9:[99,51,126,18,64,32,12,109]
F10:[75,22,128,198,25,24,5,102]
F11:[73,19,124,220,31,33,7,96]
F12:[69,24,128,98,63,9,14,107]
F13:[80,48,124,114,1,2,8,109]
F14:[74,45,126,110,16,27,13,107]
F15:[96,39,128,88,33,17,0,102]
F16:[97,38,126,74,40,22,9,110]
F17:[98,46,128,202,1,2,12,105]
F18:[88,45,124,32,28,22,2,98]
F19:[89,47,130,188,42,22,0,104]
F20:[125,30,128,130,3,13,9,103]
F21:[155,10,128,142,9,27,11,106]
F22:[156,12,122,152,4,9,0,100]
F23:[146,12,128,82,11,4,1,111]
F24:[159,23,130,158,48,18,10,106]
F25:[152,24,128,232,12,17,16,105]
F26:[148,10,120,124,53,4,0,103]
F27:[151,12,130,148,14,19,8,110]
F28:[135,24,130,232,37,1,11,98]
F29:[158,26,128,194,36,27,1,110]
F30:[160,20,124,244,62,30,10,104]
F31:[155,11,124,46,13,10,7,101]
F32:[176,16,126,48,62,11,0,104]
F33:[149,12,130,160,54,27,10,109]
F34:[146,12,132,28,21,17,4,110]
F35:[144,11,126,50,47,35,16,111]
F36:[159,12,130,210,7,22,0,106]
F37:[149,11,124,52,42,13,6,105]
F38:[155,21,126,168,48,16,9,99]
F39:[158,26,126,238,44,13,8,106]
=== SAMPLE 17 STOP ===
