=== SAMPLE 20 (Down) START ===
F0:[67,40,126,108,61,0,14,103]
F1:[67,42,128,184,60,2,1,107]
F2:[73,44,126,176,52,30,7,110]
F3:[84,43,124,12,23,13,17,104]
F4:[99,41,128,92,55,21,3,109]
F5:[97,40,128,96,54,21,8,104]
F6:[91,40,130,160,19,2,0,103]
F7:[87,46,128,184,28,3,5,104]
F8:[78,34,126,12,25,36,12,102]
F9:[75,33,126,22,37,19,0,104]
F10:[70,36,124,52,19,16,6,104]
F11:[93,46,128,84,43,16,16,106]
F12:[75,40,130,170,40,24,6,109]
F13:[98,41,126,206,10,34,11,106]
F14:[78,48,130,224,6,1,14,106]
F15:[89,39,122,4,9,7,13,101]
F16:[95,41,130,182,7,29,11,107]
F17:[91,38,128,82,29,26,4,103]
F18:[79,31,126,14,50,5,8,105]
F19:[77,47,126,72,44,26,14,107]
F20:[105,18,126,68,3,16,13,97]
F21:[137,2,126,52,7,19,7,104]
F22:[135,5,126,58,3,25,7,111]
F23:[143,24,130,180,28,0,11,112]
F24:[144,12,128,138,35,4,14,111]
F25:[144,8,126,144,13,22,12,95]
F26:[149,7,128,230,55,36,6,103]
F27:[151,7,130,60,57,11,7,105]
F28:[160,10,128,56,36,29,3,109]
F29:[161,11,130,240,6,25,9,101]
F30:[136,12,128,190,62,32,0,107]
F31:[135,3,126,88,5,7,0,98]
F32:[135,3,126,16,34,14,7,106]
F33:[143,10,128,28,46,35,14,109]
F34:[134,17,128,4,5,4,11,101]
F35:[142,15,126,128,38,0,3,106]
F36:[150,7,126,220,45,18,1,107]
F37:[151,8,128,52,53,11,15,100]
F38:[143,12,132,40,25,17,2,103]
F39:[162,8,126,186,9,22,14,103]
=== SAMPLE 20 STOP ===
