=== SAMPLE 28 (Down) START ===
F0:[40,0,128,234,42,33,10,111]
F1:[41,0,128,240,30,26,11,107]
F2:[63,2,128,206,26,30,1,107]
F3:[99,7,128,160,25,13,6,104]
F4:[121,31,128,90,47,7,8,101]
F5:[68,21,128,68,7,30,0,108]
F6:[63,31,128,226,57,17,3,103]
F7:[70,30,124,244,51,35,2,106]
F8:[100,49,126,74,39,30,13,104]
F9:[78,31,128,226,18,6,10,107]
F10:[51,9,124,246,64,24,1,109]
F11:[40,0,128,250,34,26,4,106]
F12:[50,18,128,178,18,31,1,105]
F13:[102,7,126,46,12,3,0,106]
F14:[103,8,128,230,62,26,7,112]
F15:[82,21,124,122,46,0,10,104]
F16:[65,27,126,90,32,16,5,105]
F17:[67,29,128,226,24,21,0,112]
F18:[74,30,130,104,40,17,12,109]
F19:[80,33,126,50,51,19,15,110]
F20:[106,32,124,198,61,17,11,101]
F21:[115,16,126,236,52,8,15,108]
F22:[115,15,130,158,41,7,4,113]
F23:[126,26,132,196,46,34,11,111]
F24:[126,35,124,82,37,34,12,106]
F25:[129,12,130,194,27,4,5,110]
F26:[130,12,128,212,43,28,9,110]
F27:[129,12,124,164,43,2,8,114]
F28:[120,22,130,246,16,0,7,112]
F29:[134,17,126,50,24,12,4,107]
F30:[125,19,124,132,0,23,16,103]
F31:[115,15,128,86,10,25,6,106]
F32:[119,15,126,48,62,19,0,108]
F33:[123,17,128,64,31,22,16,112]
F34:[127,15,128,170,42,25,4,108]
F35:[124,26,128,174,19,24,12,105]
F36:[129,11,128,82,42,34,17,104]
F37:[127,11,128,78,47,2,14,105]
F38:[134,19,124,40,50,20,11,107]
F39:[123,22,128,168,44,26,15,111]
=== SAMPLE 28 STOP ===
