=== SAMPLE 22 (Down) START ===
F0:[55,28,132,244,23,12,5,115]
F1:[55,30,126,186,14,9,14,108]
F2:[72,37,128,136,42,7,6,102]
F3:[88,42,128,104,50,33,0,113]
F4:[83,58,130,236,39,16,5,103]
F5:[91,40,126,118,36,35,12,104]
F6:[96,38,128,56,18,35,14,98]
F7:[90,40,128,28,36,29,14,108]
F8:[100,42,126,24,32,28,16,104]
F9:[92,36,130,60,37,18,7,106]
F10:[67,28,124,44,44,33,4,99]
F11:[53,31,124,26,55,13,10,109]
F12:[148,34,124,202,17,34,13,101]
F13:[91,48,126,162,55,29,9,108]
F14:[89,45,128,176,21,36,2,97]
F15:[90,39,126,92,13,1,11,105]
F16:[91,38,128,112,10,23,1,101]
F17:[92,36,126,204,25,33,1,101]
F18:[94,37,126,154,56,1,14,112]
F19:[92,36,132,106,26,15,5,114]
F20:[107,25,122,52,16,3,14,107]
F21:[135,8,122,48,16,14,15,105]
F22:[128,7,128,158,47,31,2,109]
F23:[125,24,128,202,21,29,12,111]
F24:[115,52,126,122,38,12,2,110]
F25:[136,10,130,208,19,8,16,107]
F26:[136,10,130,242,37,6,1,110]
F27:[140,12,128,54,49,17,11,105]
F28:[132,16,126,138,42,15,14,110]
F29:[147,7,128,196,30,32,0,97]
F30:[146,8,130,78,36,29,3,117]
F31:[128,7,130,236,8,7,16,101]
F32:[136,7,128,240,3,2,16,106]
F33:[133,7,126,34,1,26,2,105]
F34:[132,6,122,30,48,27,6,102]
F35:[130,70,124,114,45,24,13,103]
F36:[139,11,132,162,15,24,9,110]
F37:[135,11,122,106,46,32,4,103]
F38:[148,11,124,20,1,16,5,105]
F39:[115,11,130,170,43,19,10,108]
=== SAMPLE 22 STOP ===
