=== SAMPLE 11 (Down) START ===
F0:[89,53,130,200,5,10,11,98]
F1:[88,60,130,122,16,31,2,97]
F2:[108,65,126,86,44,27,10,110]
F3:[95,72,126,214,38,7,4,110]
F4:[91,67,128,250,28,35,14,110]
F5:[96,44,126,194,25,1,2,105]
F6:[92,38,128,100,54,21,0,107]
F7:[89,39,130,178,36,36,7,103]
F8:[81,29,124,158,60,29,1,107]
F9:[87,34,126,80,6,1,8,103]
F10:[94,45,128,82,6,28,5,108]
F11:[90,53,128,88,56,3,2,112]
F12:[92,67,124,14,35,7,16,105]
F13:[93,67,130,242,51,12,2,105]
F14:[83,64,130,114,21,36,4,109]
F15:[93,53,126,244,20,11,16,101]
F16:[92,36,128,234,29,19,15,110]
F17:[93,38,128,206,13,24,3,102]
F18:[93,42,126,128,43,0,4,101]
F19:[81,30,130,72,61,20,0,105]
F20:[111,20,126,164,1,33,14,108]
F21:[133,7,132,176,21,17,3,111]
F22:[131,7,128,172,16,15,9,104]
F23:[133,8,126,74,50,20,12,108]
F24:[133,7,130,220,35,2,11,112]
F25:[138,28,130,190,22,31,12,102]
F26:[144,15,126,142,14,16,16,108]
F27:[144,14,128,114,58,16,0,111]
F28:[152,21,126,54,53,14,5,103]
F29:[146,33,126,234,2,18,1,109]
F30:[142,19,126,52,45,28,6,109]
F31:[132,7,130,98,20,10,14,105]
F32:[131,7,128,44,45,27,10,106]
F33:[135,19,126,146,2,1,10,110]
F34:[132,38,126,50,2,18,6,99]
F35:[135,8,128,56,17,2,6,113]
F36:[144,15,126,6,1,33,9,107]
F37:[145,16,126,40,5,15,11,107]
F38:[141,44,128,42,42,10,3,105]
F39:[149,17,130,58,46,5,5,110]
=== SAMPLE 11 STOP ===
