=== SAMPLE 13 (Down) START ===
F0:[94,36,124,90,29,21,15,107]
F1:[95,39,128,138,32,5,13,108]
F2:[99,38,128,210,48,23,13,109]
F3:[87,52,128,200,41,0,6,102]
F4:[88,39,126,36,20,9,0,109]
F5:[89,38,130,242,54,29,5,105]
F6:[87,31,126,196,16,24,14,103]
F7:[94,36,130,92,2,19,7,108]
F8:[107,25,124,210,34,21,3,103]
F9:[103,24,126,92,9,27,16,107]
F10:[90,37,126,38,30,19,6,106]
F11:[96,36,130,204,23,28,7,105]
F12:[94,38,126,22,42,5,4,103]
F13:[87,39,128,126,44,23,2,109]
F14:[91,46,128,174,23,27,1,98]
F15:[90,37,122,140,57,22,15,109]
F16:[88,39,128,6,53,12,4,101]
F17:[94,35,128,48,37,23,14,110]
F18:[70,43,128,186,37,7,11,104]
F19:[101,25,128,62,32,31,5,108]
F20:[118,14,128,90,29,35,7,102]
F21:[144,7,128,92,29,16,14,113]
F22:[140,7,130,230,15,25,11,103]
F23:[138,24,126,24,37,11,6,106]
F24:[142,7,126,188,16,36,4,107]
F25:[151,7,126,178,62,24,1,116]
F26:[156,7,128,114,50,6,9,109]
F27:[159,7,128,100,7,34,14,108]
F28:[160,11,124,66,27,1,15,103]
F29:[158,12,128,180,48,17,0,108]
F30:[145,23,120,30,63,33,4,103]
F31:[140,7,126,6,22,15,15,103]
F32:[139,7,128,154,42,23,8,109]
F33:[142,29,126,120,1,29,0,107]
F34:[142,41,128,16,20,36,4,103]
F35:[146,7,126,88,61,35,9,110]
F36:[158,7,130,184,19,12,5,100]
F37:[159,8,126,46,25,5,14,108]
F38:[153,16,130,244,36,5,14,108]
F39:[160,10,128,96,15,28,1,107]
=== SAMPLE 13 STOP ===
