=== SAMPLE 7 (Down) START ===
F0:[111,71,128,110,54,35,10,104]
F1:[111,65,126,226,42,0,7,100]
F2:[103,64,128,26,37,18,1,93]
F3:[108,45,128,222,31,8,15,104]
F4:[109,46,128,180,40,19,10,102]
F5:[99,48,130,244,60,19,9,110]
F6:[96,45,128,188,63,28,11,104]
F7:[101,40,126,38,38,35,16,99]
F8:[112,24,128,146,23,36,8,107]
F9:[105,31,128,118,43,28,9,113]
F10:[110,62,126,4,2,21,10,104]
F11:[108,62,128,8,7,20,10,110]
F12:[110,70,128,160,50,12,1,108]
F13:[96,41,122,44,61,10,11,106]
F14:[110,46,122,100,53,19,15,103]
F15:[101,45,124,100,12,1,14,104]
F16:[99,48,128,156,14,33,12,110]
F17:[96,42,126,124,3,0,7,102]
F18:[112,23,128,212,38,11,8,106]
F19:[114,26,128,14,43,13,13,107]
F20:[131,13,130,46,19,9,1,106]
F21:[157,8,124,36,37,0,8,107]
F22:[159,7,128,210,45,18,13,102]
F23:[167,26,130,130,58,8,17,109]
F24:[169,21,122,156,57,4,10,104]
F25:[152,32,128,42,43,27,14,109]
F26:[171,8,126,186,43,17,16,96]
F27:[169,7,126,44,16,15,8,110]
F28:[166,17,124,84,8,34,14,107]
F29:[166,25,128,200,36,26,16,103]
F30:[169,8,128,170,30,29,16,111]
F31:[159,7,132,248,31,2,3,112]
F32:[155,7,126,198,43,17,1,101]
F33:[148,44,130,156,30,19,4,108]
F34:[169,24,126,22,23,33,4,104]
F35:[169,19,126,42,44,32,10,106]
F36:[170,7,128,200,35,32,13,102]
F37:[167,7,130,250,37,29,8,107]
F38:[174,10,126,50,15,5,15,107]
F39:[178,10,130,164,34,4,12,113]
=== SAMPLE 7 STOP ===
