=== SAMPLE 15 (Down) START ===
F0:[135,7,124,8,14,20,16,107]
F1:[130,17,128,96,39,16,9,109]
F2:[104,35,128,220,38,11,7,109]
F3:[78,45,124,60,10,28,14,108]
F4:[75,43,122,88,15,16,13,107]
F5:[97,35,126,134,45,11,8,102]
F6:[97,31,130,216,45,7,10,104]
F7:[102,36,128,30,2,4,4,106]
F8:[101,38,128,218,30,34,7,107]
F9:[113,38,120,12,32,19,0,107]
F10:[127,15,126,222,16,15,11,110]
F11:[135,7,132,164,17,18,14,101]
F12:[114,19,126,172,16,7,4,105]
F13:[78,55,130,218,45,1,2,106]
F14:[77,45,128,36,52,20,10,102]
F15:[91,36,126,48,31,32,5,100]
F16:[100,33,130,226,32,34,8,106]
F17:[102,33,128,30,46,32,14,106]
F18:[98,36,128,242,48,28,7,111]
F19:[101,40,126,210,30,1,6,104]
F20:[117,18,128,194,4,5,11,99]
F21:[136,7,124,166,57,32,4,100]
F22:[126,7,126,242,26,26,6,101]
F23:[143,15,128,96,3,22,14,108]
F24:[140,19,126,40,22,24,9,102]
F25:[127,19,128,122,1,21,5,105]
F26:[150,16,122,28,8,12,4,99]
F27:[148,15,128,14,6,35,13,105]
F28:[136,29,132,64,37,9,3,109]
F29:[127,17,124,120,36,0,15,108]
F30:[139,10,128,48,25,24,12,114]
F31:[126,7,128,190,60,1,9,109]
F32:[126,7,124,74,35,28,9,100]
F33:[133,17,126,54,43,15,4,105]
F34:[139,12,124,88,36,36,12,108]
F35:[139,15,130,112,59,2,5,108]
F36:[148,15,128,160,20,15,1,106]
F37:[151,16,126,54,58,24,16,100]
F38:[147,14,128,250,57,31,9,108]
F39:[147,11,130,32,31,4,11,104]
=== SAMPLE 15 STOP ===
