=== SAMPLE 19 (Down) START ===
F0:[88,29,130,140,39,1,8,111]
F1:[91,29,126,14,40,12,16,104]
F2:[121,41,128,178,23,20,11,105]
F3:[114,47,126,40,63,22,11,102]
F4:[111,41,126,244,33,5,15,102]
F5:[89,46,130,144,22,31,10,107]
F6:[98,38,124,120,47,31,14,102]
F7:[90,34,126,182,50,16,1,105]
F8:[96,17,124,136,49,10,9,106]
F9:[91,28,128,6,13,34,4,108]
F10:[96,28,130,230,8,0,5,114]
F11:[90,31,130,168,5,29,6,100]
F12:[95,29,124,132,14,5,12,108]
F13:[77,51,134,196,9,7,14,103]
F14:[90,52,126,30,15,11,0,100]
F15:[99,45,126,198,20,13,5,105]
F16:[87,39,128,234,31,10,13,107]
F17:[90,42,126,140,9,20,5,103]
F18:[97,25,120,48,55,34,0,102]
F19:[91,17,126,74,18,14,4,113]
F20:[125,20,128,216,52,1,11,115]
F21:[152,15,126,126,36,34,13,106]
F22:[152,15,126,160,27,30,16,106]
F23:[162,20,128,236,59,7,8,111]
F24:[161,17,130,138,34,16,10,108]
F25:[150,19,126,162,27,30,8,100]
F26:[162,7,124,184,12,14,4,107]
F27:[164,7,124,92,3,7,3,104]
F28:[164,12,128,186,39,36,5,104]
F29:[162,8,124,144,8,35,4,108]
F30:[165,28,124,148,35,1,4,102]
F31:[152,15,122,136,0,16,6,108]
F32:[153,15,126,136,60,8,13,109]
F33:[142,21,128,36,2,10,13,100]
F34:[157,17,130,78,4,6,8,106]
F35:[160,17,126,158,42,26,12,108]
F36:[163,7,122,10,55,12,0,100]
F37:[165,8,126,34,35,34,12,104]
F38:[165,23,124,12,53,35,4,106]
F39:[165,12,124,150,0,23,6,102]
=== SAMPLE 19 STOP ===
