=== SAMPLE 24 (Down) START ===
F0:[62,37,124,18,13,1,12,105]
F1:[121,54,126,152,9,5,6,108]
F2:[66,36,126,142,9,14,4,103]
F3:[82,34,128,92,62,35,1,104]
F4:[78,35,124,36,63,24,1,97]
F5:[86,56,126,10,48,36,13,102]
F6:[93,64,126,158,12,34,0,110]
F7:[93,61,126,42,36,25,8,103]
F8:[97,49,128,230,58,2,0,106]
F9:[119,47,128,152,27,29,1,103]
F10:[71,38,132,244,35,26,6,110]
F11:[58,36,124,104,47,35,2,103]
F12:[64,39,126,232,61,0,12,105]
F13:[64,48,130,198,2,2,7,106]
F14:[79,33,128,224,43,13,4,111]
F15:[88,54,126,154,5,14,3,102]
F16:[89,61,128,118,29,7,10,113]
F17:[95,59,126,234,2,5,0,101]
F18:[92,50,132,182,50,1,7,111]
F19:[98,54,126,136,12,29,7,106]
F20:[113,21,130,58,32,8,5,110]
F21:[143,8,128,174,36,9,3,102]
F22:[134,6,126,12,31,21,17,111]
F23:[144,17,128,140,0,10,9,110]
F24:[142,30,128,238,35,17,13,108]
F25:[129,24,128,50,23,5,14,110]
F26:[136,7,128,36,53,26,6,102]
F27:[140,7,124,8,3,5,6,101]
F28:[143,35,128,162,63,31,7,110]
F29:[143,43,132,184,5,19,5,113]
F30:[147,8,132,192,2,33,10,118]
F31:[136,7,128,96,15,30,12,101]
F32:[135,6,132,224,8,34,1,107]
F33:[129,36,124,52,47,10,0,98]
F34:[144,12,128,208,35,25,12,105]
F35:[143,15,126,132,6,11,9,106]
F36:[139,6,130,180,34,2,3,103]
F37:[137,8,128,82,31,16,2,106]
F38:[145,11,122,60,46,9,15,108]
F39:[147,12,126,122,59,32,10,100]
=== SAMPLE 24 STOP ===
