=== SAMPLE 16 (Down) START ===
F0:[84,58,128,20,61,33,6,109]
F1:[83,58,126,52,15,1,3,101]
F2:[84,50,128,36,36,9,4,99]
F3:[95,41,132,74,24,19,0,111]
F4:[76,64,128,32,45,5,10,106]
F5:[101,39,128,52,8,0,9,108]
F6:[97,36,126,164,60,29,3,104]
F7:[104,61,126,8,23,30,2,101]
F8:[96,48,128,76,39,8,3,106]
F9:[90,45,124,218,58,33,14,103]
F10:[81,53,124,128,62,10,9,106]
F11:[86,63,124,120,35,2,15,105]
F12:[149,38,126,172,52,31,11,110]
F13:[97,38,128,142,45,28,11,102]
F14:[94,41,128,68,36,35,14,114]
F15:[99,38,122,24,2,11,5,107]
F16:[102,37,124,250,52,8,3,106]
F17:[99,38,124,152,58,10,4,110]
F18:[89,43,128,78,53,29,0,106]
F19:[86,45,124,166,7,0,16,101]
F20:[114,26,126,106,29,4,9,113]
F21:[134,11,126,162,46,19,16,103]
F22:[135,12,126,40,38,26,16,99]
F23:[147,49,124,240,40,12,14,112]
F24:[145,25,124,192,62,28,6,104]
F25:[149,20,126,146,25,12,10,99]
F26:[152,11,124,44,4,9,14,100]
F27:[152,12,128,152,26,0,4,105]
F28:[147,42,132,12,15,19,8,102]
F29:[150,12,130,114,26,34,14,105]
F30:[143,14,128,92,50,8,11,110]
F31:[136,12,126,172,50,29,3,104]
F32:[162,14,128,198,49,29,15,102]
F33:[147,20,130,72,11,9,2,113]
F34:[148,19,128,196,40,30,14,110]
F35:[145,11,130,222,22,10,1,110]
F36:[152,12,124,46,45,8,13,102]
F37:[155,14,128,48,61,28,7,105]
F38:[150,12,124,114,63,17,4,107]
F39:[144,23,126,48,55,24,14,105]
=== SAMPLE 16 STOP ===
