=== SAMPLE 7 (down2) START ===
F0:[122,59,128,66,62,219,195,177,69]
F1:[146,94,128,36,24,229,201,177,152]
F2:[121,52,126,16,75,229,210,173,103]
F3:[108,86,128,66,255,224,191,170,115]
F4:[136,88,126,36,50,229,195,171,156]
F5:[104,74,126,74,75,229,195,175,96]
F6:[112,60,128,36,50,229,191,175,136]
F7:[118,76,126,56,62,219,191,176,134]
F8:[134,69,128,92,37,214,191,175,144]
F9:[109,59,126,6,88,214,195,175,103]
F10:[136,78,126,26,50,229,191,177,155]
F11:[154,81,126,136,75,214,197,175,146]
F12:[109,68,128,150,62,204,197,179,83]
F13:[122,66,128,106,37,224,193,175,141]
F14:[154,70,128,30,62,214,191,175,160]
F15:[95,71,128,40,50,219,204,176,69]
F16:[111,62,126,40,62,219,197,171,144]
F17:[113,71,128,84,11,188,193,173,130]
F18:[133,73,126,32,11,219,197,174,148]
F19:[112,72,128,62,62,219,195,177,107]
F20:[147,72,128,42,50,219,199,175,163]
F21:[166,73,126,50,50,209,199,174,147]
F22:[176,29,128,82,11,229,176,177,138]
F23:[181,37,128,98,50,224,191,178,133]
F24:[168,66,128,62,37,229,184,175,115]
F25:[179,32,128,96,37,229,195,177,139]
F26:[182,23,128,122,50,214,178,175,131]
F27:[178,51,128,62,62,229,184,176,124]
F28:[181,89,126,76,50,224,193,174,131]
F29:[186,19,126,52,24,219,208,175,133]
F30:[180,46,126,48,37,234,189,175,122]
F31:[170,62,128,138,75,214,184,174,118]
F32:[180,32,126,38,75,224,208,176,138]
F33:[179,33,130,58,24,209,176,176,127]
F34:[168,82,128,74,50,219,197,177,117]
F35:[178,35,128,92,37,204,184,171,138]
F36:[181,23,126,44,50,214,199,178,131]
F37:[182,42,126,88,62,219,199,176,129]
F38:[181,79,126,84,62,219,180,173,127]
F39:[184,26,128,142,62,204,191,175,131]
=== SAMPLE 7 STOP ===
