=== SAMPLE 27 (Down) START ===
F0:[137,24,126,198,21,29,6,109]
F1:[128,18,124,108,59,10,5,103]
F2:[102,32,128,18,33,24,5,114]
F3:[87,55,126,94,44,15,11,101]
F4:[84,54,122,36,39,1,14,103]
F5:[92,50,130,136,25,18,7,106]
F6:[91,46,124,236,48,11,1,110]
F7:[89,52,134,156,14,25,10,112]
F8:[92,55,128,220,8,19,14,112]
F9:[86,55,126,246,29,9,12,96]
F10:[129,22,126,232,43,4,5,105]
F11:[136,18,122,64,13,22,0,104]
F12:[115,27,126,84,40,5,10,104]
F13:[66,63,126,220,49,27,7,102]
F14:[67,61,128,246,9,31,4,103]
F15:[91,44,128,152,8,12,10,104]
F16:[95,46,134,222,12,3,5,101]
F17:[93,51,122,20,47,29,7,109]
F18:[88,57,124,114,30,35,2,105]
F19:[88,56,130,188,18,18,16,105]
F20:[105,29,130,244,54,9,14,95]
F21:[115,11,128,34,26,3,2,109]
F22:[122,12,126,52,25,30,2,98]
F23:[142,11,128,96,61,14,8,101]
F24:[121,14,130,232,30,26,2,110]
F25:[124,11,128,136,1,2,15,112]
F26:[148,19,128,136,62,10,16,102]
F27:[141,14,124,18,34,14,2,103]
F28:[138,29,124,144,58,1,17,103]
F29:[143,21,132,210,39,28,12,107]
F30:[128,23,130,38,13,0,6,99]
F31:[121,12,130,136,39,5,14,114]
F32:[121,12,126,66,17,31,5,101]
F33:[119,10,126,122,9,23,12,103]
F34:[125,43,124,198,58,28,6,103]
F35:[132,48,128,94,44,11,16,106]
F36:[143,15,126,248,57,13,4,107]
F37:[142,15,130,196,55,5,1,110]
F38:[131,25,126,4,29,17,3,110]
F39:[132,47,128,52,58,4,7,115]
=== SAMPLE 27 STOP ===
