=== SAMPLE 29 (Down) START ===
F0:[99,40,124,62,43,33,7,109]
F1:[98,37,128,146,25,27,15,107]
F2:[108,46,126,110,19,11,4,104]
F3:[114,56,122,142,53,6,5,97]
F4:[113,55,128,250,20,15,1,99]
F5:[102,42,126,120,4,10,3,104]
F6:[102,38,134,212,38,24,6,109]
F7:[103,42,124,20,62,25,10,101]
F8:[95,49,128,200,9,30,4,113]
F9:[109,38,124,166,55,10,1,104]
F10:[96,38,126,56,36,28,9,100]
F11:[102,40,126,118,38,3,9,109]
F12:[100,40,132,242,15,19,3,107]
F13:[108,54,126,48,15,5,4,107]
F14:[114,55,126,4,14,24,14,102]
F15:[108,48,126,22,35,24,3,107]
F16:[106,42,126,104,25,14,5,108]
F17:[103,41,130,228,25,3,5,107]
F18:[95,37,130,238,34,21,15,109]
F19:[97,39,128,28,17,20,14,109]
F20:[116,17,128,178,3,30,13,108]
F21:[144,8,128,34,4,8,12,103]
F22:[138,7,124,190,37,12,0,101]
F23:[147,10,126,216,5,0,2,103]
F24:[138,30,126,242,30,31,8,105]
F25:[138,16,124,128,30,21,13,102]
F26:[155,14,130,26,4,28,0,103]
F27:[151,12,130,242,39,13,0,104]
F28:[145,32,126,218,51,33,6,107]
F29:[160,14,130,150,31,29,5,111]
F30:[152,11,128,194,3,2,6,105]
F31:[139,7,130,44,39,11,15,108]
F32:[138,7,128,6,21,29,16,102]
F33:[142,17,130,86,23,36,8,99]
F34:[147,12,124,48,2,0,13,99]
F35:[146,10,124,198,46,0,9,102]
F36:[152,12,126,240,11,6,4,103]
F37:[151,10,128,120,24,15,15,108]
F38:[157,14,126,206,18,4,16,106]
F39:[159,12,124,232,13,9,8,108]
=== SAMPLE 29 STOP ===
