=== SAMPLE 14 (Down) START ===
F0:[88,22,126,88,13,29,10,104]
F1:[78,27,128,132,46,27,3,113]
F2:[73,38,128,114,47,1,10,102]
F3:[78,52,124,52,47,32,10,95]
F4:[82,48,128,164,53,32,4,111]
F5:[100,46,130,110,59,22,9,111]
F6:[105,46,126,108,1,0,10,101]
F7:[105,47,128,244,0,15,3,108]
F8:[118,52,128,62,1,9,3,108]
F9:[103,45,130,212,33,26,13,104]
F10:[88,29,124,74,36,28,17,104]
F11:[77,26,124,108,32,16,6,105]
F12:[131,51,126,160,7,9,9,100]
F13:[74,51,126,40,26,32,0,108]
F14:[77,53,128,168,17,32,1,106]
F15:[96,46,126,118,9,18,12,106]
F16:[114,45,128,200,50,33,12,100]
F17:[105,47,126,162,1,11,13,112]
F18:[98,42,130,110,39,18,4,113]
F19:[99,45,128,64,37,4,2,104]
F20:[118,27,130,196,12,31,9,107]
F21:[133,12,128,12,19,14,13,114]
F22:[135,11,124,42,33,2,15,102]
F23:[130,29,126,54,54,18,11,110]
F24:[120,29,132,140,26,30,0,108]
F25:[133,7,126,174,3,19,2,107]
F26:[132,7,126,138,29,33,14,109]
F27:[138,7,126,110,55,30,16,103]
F28:[140,37,128,104,49,17,4,107]
F29:[159,17,124,154,43,4,6,113]
F30:[148,11,130,236,3,20,16,105]
F31:[136,12,126,146,53,35,12,105]
F32:[140,17,126,124,45,18,2,103]
F33:[131,10,128,30,23,19,16,108]
F34:[129,7,126,6,20,17,14,109]
F35:[127,25,130,86,63,35,11,109]
F36:[137,6,128,60,11,32,4,106]
F37:[131,8,128,228,58,35,3,114]
F38:[153,14,128,66,50,5,6,112]
F39:[133,23,122,42,48,32,0,104]
=== SAMPLE 14 STOP ===
