=== SAMPLE 1 (Down) START ===
F0:[146,10,126,136,41,7,16,105]
F1:[147,11,128,238,22,7,10,109]
F2:[140,16,134,194,52,35,12,103]
F3:[120,43,130,224,54,25,5,101]
F4:[81,46,126,24,29,31,13,99]
F5:[88,45,130,146,35,8,7,111]
F6:[94,48,128,76,14,20,11,106]
F7:[134,42,124,12,14,13,6,97]
F8:[105,51,132,162,18,30,17,100]
F9:[105,49,124,248,52,31,13,100]
F10:[137,23,128,16,16,19,1,105]
F11:[160,15,126,180,45,15,1,98]
F12:[131,15,126,32,36,11,5,104]
F13:[78,46,130,202,42,3,15,103]
F14:[126,37,126,116,19,4,11,109]
F15:[94,47,126,172,33,4,15,109]
F16:[92,42,126,24,40,25,5,104]
F17:[94,51,124,40,56,25,3,97]
F18:[107,57,126,116,50,21,0,101]
F19:[102,63,126,190,20,18,9,110]
F20:[136,31,130,122,43,25,6,107]
F21:[161,7,126,142,0,4,6,105]
F22:[165,7,126,8,62,0,13,100]
F23:[150,46,134,210,37,21,6,112]
F24:[170,12,132,160,12,33,8,114]
F25:[179,14,128,192,28,3,14,100]
F26:[190,26,132,200,35,6,16,103]
F27:[189,25,128,240,40,19,17,110]
F28:[180,5,128,78,37,5,3,105]
F29:[175,10,126,150,37,20,12,103]
F30:[179,7,122,60,55,14,15,95]
F31:[163,7,124,134,61,31,13,112]
F32:[164,7,124,32,50,13,7,103]
F33:[169,11,124,114,15,11,5,104]
F34:[143,26,128,190,4,35,8,103]
F35:[174,12,130,190,31,16,7,106]
F36:[190,26,126,150,13,31,9,101]
F37:[190,23,122,44,17,11,15,102]
F38:[186,15,132,80,34,3,5,102]
F39:[180,5,126,52,25,15,3,102]
=== SAMPLE 1 STOP ===
