=== SAMPLE 3 (down2) START ===
F0:[98,74,128,138,11,204,195,171,42]
F1:[131,89,126,38,62,224,201,173,161]
F2:[115,78,126,18,37,234,201,173,112]
F3:[101,64,126,16,37,229,189,171,114]
F4:[126,93,126,10,62,234,197,175,153]
F5:[142,89,126,4,88,229,197,178,144]
F6:[138,43,128,104,37,193,193,173,124]
F7:[131,60,126,22,50,219,214,170,121]
F8:[130,107,126,4,75,219,193,176,127]
F9:[132,48,128,28,37,219,197,175,130]
F10:[116,56,126,74,24,214,201,176,112]
F11:[128,88,126,6,88,239,208,175,140]
F12:[121,85,128,8,62,229,197,176,121]
F13:[100,63,128,190,37,219,193,181,107]
F14:[126,81,128,10,75,229,193,176,154]
F15:[136,102,128,70,75,209,184,178,138]
F16:[129,53,128,14,242,234,201,173,121]
F17:[134,44,128,22,50,204,195,177,133]
F18:[140,94,128,96,37,193,197,181,134]
F19:[129,46,128,240,75,214,189,174,117]
F20:[173,20,128,236,50,204,191,176,172]
F21:[194,41,126,18,37,244,204,172,149]
F22:[193,35,126,8,37,224,197,178,127]
F23:[181,7,128,196,50,224,187,173,116]
F24:[182,35,126,16,50,234,199,175,129]
F25:[186,28,128,176,50,204,197,174,132]
F26:[194,15,126,114,75,219,197,175,136]
F27:[193,12,128,34,37,219,204,180,127]
F28:[184,8,128,46,50,219,195,176,119]
F29:[185,14,128,52,50,219,193,175,129]
F30:[186,12,128,46,11,204,204,177,129]
F31:[196,41,126,250,50,224,193,171,138]
F32:[192,24,126,34,50,229,197,174,124]
F33:[184,15,128,146,37,234,184,178,120]
F34:[181,23,128,166,24,224,189,179,125]
F35:[186,43,126,168,75,214,204,174,133]
F36:[194,12,126,60,62,219,197,175,136]
F37:[192,3,128,194,62,204,189,172,126]
F38:[187,14,128,116,50,224,191,175,123]
F39:[182,25,126,10,50,209,208,173,123]
=== SAMPLE 3 STOP ===
