=== SAMPLE 0 (Down) START ===
F0:[132,10,124,130,1,22,4,100]
F1:[134,10,124,84,43,9,7,107]
F2:[169,9,132,234,14,27,6,102]
F3:[71,27,122,38,63,27,13,104]
F4:[74,29,124,98,36,29,8,104]
F5:[76,38,134,230,16,13,4,104]
F6:[78,32,128,152,53,19,1,105]
F7:[82,40,128,190,35,8,16,108]
F8:[98,51,126,238,54,9,1,101]
F9:[102,51,128,222,16,9,15,107]
F10:[125,19,126,194,46,8,11,105]
F11:[139,7,126,98,22,18,14,107]
F12:[122,9,124,94,60,30,8,105]
F13:[74,36,132,152,15,28,0,101]
F14:[123,19,126,66,10,29,16,109]
F15:[78,31,126,178,26,1,6,110]
F16:[77,35,124,44,36,13,10,100]
F17:[81,39,128,158,10,19,9,108]
F18:[105,65,128,160,41,28,8,103]
F19:[96,49,130,160,40,1,4,106]
F20:[117,28,124,230,52,10,14,104]
F21:[136,8,130,226,53,25,14,112]
F22:[140,15,128,144,33,1,11,104]
F23:[151,24,132,68,32,0,15,109]
F24:[148,16,132,250,35,36,7,98]
F25:[154,12,128,68,6,30,10,107]
F26:[170,8,128,114,7,23,2,105]
F27:[166,7,126,10,48,14,2,105]
F28:[165,6,126,42,40,14,4,101]
F29:[157,21,132,238,26,18,12,102]
F30:[146,12,130,18,41,0,7,109]
F31:[134,7,130,40,51,30,9,108]
F32:[133,7,126,242,49,22,4,106]
F33:[134,15,126,104,3,35,12,111]
F34:[137,34,122,82,63,1,12,99]
F35:[149,12,126,50,49,4,13,109]
F36:[165,7,130,124,14,30,3,109]
F37:[166,8,128,42,12,11,6,110]
F38:[160,21,122,46,50,2,13,100]
F39:[165,5,130,174,61,7,13,110]
=== SAMPLE 0 STOP ===
