=== SAMPLE 23 (Down) START ===
F0:[49,41,124,60,40,36,1,102]
F1:[96,42,126,84,16,19,10,105]
F2:[58,46,128,68,44,32,13,100]
F3:[66,50,130,236,27,17,3,108]
F4:[66,46,124,136,14,6,3,104]
F5:[87,44,128,162,61,26,15,108]
F6:[89,42,126,130,22,0,5,109]
F7:[86,42,128,100,16,18,1,107]
F8:[88,34,130,84,54,32,12,108]
F9:[120,37,132,204,40,26,4,103]
F10:[60,36,128,184,6,25,8,102]
F11:[52,43,130,238,48,14,9,107]
F12:[56,40,128,80,53,21,16,107]
F13:[69,50,130,62,42,14,8,102]
F14:[65,48,126,48,27,8,7,105]
F15:[78,41,128,44,19,6,10,105]
F16:[86,43,126,128,20,30,4,104]
F17:[118,35,124,64,33,12,9,106]
F18:[86,33,128,212,45,1,2,99]
F19:[91,38,128,94,28,9,3,113]
F20:[102,20,130,110,15,22,5,106]
F21:[127,11,126,34,24,22,4,106]
F22:[121,12,126,90,54,10,6,101]
F23:[139,12,126,22,8,29,15,105]
F24:[143,26,126,64,9,3,7,104]
F25:[123,25,126,110,10,21,14,99]
F26:[139,11,122,4,13,25,8,99]
F27:[141,12,128,148,38,0,14,106]
F28:[133,15,126,20,54,24,11,104]
F29:[136,23,126,192,22,35,8,104]
F30:[139,12,126,20,16,4,12,107]
F31:[120,12,130,26,49,36,8,107]
F32:[121,12,126,162,30,29,9,108]
F33:[133,66,126,100,41,27,1,103]
F34:[141,12,130,20,49,6,2,111]
F35:[139,12,128,56,52,28,3,106]
F36:[140,10,128,98,5,1,4,103]
F37:[151,12,124,86,58,22,13,101]
F38:[143,10,128,4,60,34,14,105]
F39:[145,10,128,62,53,34,2,109]
=== SAMPLE 23 STOP ===
