=== SAMPLE 21 (Down) START ===
F0:[85,57,126,32,47,8,15,105]
F1:[83,54,124,130,5,11,14,103]
F2:[89,46,128,224,20,30,3,104]
F3:[96,37,128,128,62,10,15,114]
F4:[95,34,128,138,14,7,3,105]
F5:[91,42,128,128,34,4,16,106]
F6:[88,36,126,150,7,17,1,106]
F7:[90,44,128,6,35,5,5,108]
F8:[96,51,128,80,41,13,5,111]
F9:[98,45,130,214,43,7,9,108]
F10:[91,56,120,84,57,30,16,100]
F11:[81,56,124,70,30,26,1,111]
F12:[95,54,128,10,57,1,14,104]
F13:[100,34,128,26,4,4,8,106]
F14:[97,43,124,168,0,31,3,109]
F15:[87,45,124,28,37,24,14,102]
F16:[90,40,128,200,38,1,3,106]
F17:[87,39,128,186,30,17,4,105]
F18:[100,47,126,98,27,22,15,106]
F19:[97,48,128,224,5,2,15,106]
F20:[123,23,128,150,31,10,6,103]
F21:[146,7,126,238,57,21,0,101]
F22:[146,7,128,168,30,25,5,109]
F23:[125,10,126,74,37,15,16,106]
F24:[149,12,128,30,46,20,4,112]
F25:[153,8,130,98,41,29,0,110]
F26:[154,8,126,124,32,28,8,111]
F27:[151,7,128,230,60,33,1,106]
F28:[153,25,130,108,52,13,12,106]
F29:[157,15,124,178,44,0,8,106]
F30:[155,20,130,22,11,22,13,106]
F31:[154,7,128,136,42,12,16,105]
F32:[145,6,130,36,30,34,8,104]
F33:[148,10,130,240,29,30,15,107]
F34:[151,10,124,44,6,23,1,101]
F35:[125,12,128,56,51,8,8,106]
F36:[153,7,130,84,44,31,5,115]
F37:[150,7,124,230,44,2,4,99]
F38:[150,52,128,84,16,6,9,102]
F39:[134,55,126,138,40,27,13,108]
=== SAMPLE 21 STOP ===
