=== SAMPLE 8 (down2) START ===
F0:[147,93,126,8,88,214,197,175,91]
F1:[91,69,126,38,75,198,201,175,72]
F2:[103,81,126,90,75,219,184,172,140]
F3:[133,94,126,4,101,219,191,173,158]
F4:[132,101,126,44,50,224,199,171,127]
F5:[124,43,126,8,75,214,199,172,120]
F6:[146,70,128,92,37,209,201,175,150]
F7:[140,90,126,26,50,219,193,176,122]
F8:[139,52,130,156,50,198,197,176,127]
F9:[135,60,126,132,75,214,199,175,124]
F10:[146,88,128,74,24,209,195,173,139]
F11:[94,75,128,66,50,209,197,177,76]
F12:[98,73,126,22,75,234,189,170,132]
F13:[139,97,126,20,50,229,187,170,169]
F14:[132,92,126,200,37,229,193,173,121]
F15:[119,55,128,124,50,204,193,176,115]
F16:[135,69,128,14,50,219,199,174,144]
F17:[141,69,128,32,62,224,199,176,134]
F18:[136,56,128,138,11,214,195,174,123]
F19:[134,51,128,32,50,204,191,172,126]
F20:[162,76,126,6,50,224,195,175,156]
F21:[188,37,126,4,101,214,187,172,154]
F22:[183,33,128,44,37,209,199,176,123]
F23:[183,47,128,38,37,214,193,177,128]
F24:[176,70,128,128,62,224,195,176,121]
F25:[190,26,126,4,88,234,197,172,142]
F26:[194,32,128,208,50,209,197,176,132]
F27:[190,21,126,52,50,234,201,174,124]
F28:[186,17,128,14,50,234,189,173,124]
F29:[183,37,128,36,24,214,189,175,125]
F30:[181,60,128,178,50,198,191,171,126]
F31:[188,29,126,30,62,229,201,176,135]
F32:[184,39,126,14,37,234,189,172,124]
F33:[184,44,128,58,37,209,197,175,128]
F34:[178,66,126,8,88,229,191,173,122]
F35:[188,34,126,22,37,219,197,174,138]
F36:[190,43,128,148,11,204,193,170,130]
F37:[193,23,128,6,88,209,199,175,131]
F38:[189,20,128,30,50,229,189,179,124]
F39:[185,20,128,108,75,219,197,179,124]
=== SAMPLE 8 STOP ===
