=== SAMPLE 12 (Down) START ===
F0:[75,45,128,130,48,0,13,106]
F1:[78,46,122,60,51,35,13,104]
F2:[90,39,128,110,30,28,2,110]
F3:[97,60,126,64,41,20,13,110]
F4:[94,52,126,116,42,10,5,104]
F5:[73,44,126,46,38,0,4,105]
F6:[69,41,124,180,51,6,16,110]
F7:[71,37,128,38,39,9,7,102]
F8:[73,31,128,238,26,24,0,104]
F9:[70,33,128,170,45,2,11,99]
F10:[73,42,130,170,9,14,8,110]
F11:[102,37,126,88,5,16,0,98]
F12:[85,50,126,110,49,29,10,105]
F13:[95,50,124,74,19,21,3,102]
F14:[95,61,130,38,24,8,3,108]
F15:[80,61,130,110,57,34,16,113]
F16:[72,44,126,218,23,36,11,105]
F17:[70,41,128,148,44,30,15,103]
F18:[71,41,124,42,46,33,5,104]
F19:[70,36,128,138,36,11,13,105]
F20:[95,16,126,60,13,14,16,114]
F21:[114,7,128,154,47,3,7,104]
F22:[118,7,126,226,0,21,4,105]
F23:[126,29,126,66,11,1,4,104]
F24:[113,12,128,170,60,24,16,111]
F25:[122,10,132,226,56,24,1,109]
F26:[122,7,126,18,55,31,2,97]
F27:[129,7,124,92,42,24,11,105]
F28:[135,11,128,62,21,24,13,110]
F29:[139,14,126,42,45,35,1,107]
F30:[122,16,130,174,61,21,12,107]
F31:[117,7,126,106,53,1,10,105]
F32:[118,7,122,168,54,12,14,106]
F33:[111,10,128,126,35,5,10,113]
F34:[130,21,130,128,13,23,3,110]
F35:[113,11,130,196,49,19,6,101]
F36:[129,7,126,162,34,3,2,106]
F37:[124,8,134,242,28,11,14,99]
F38:[126,24,130,134,32,16,1,109]
F39:[142,12,128,190,1,25,10,103]
=== SAMPLE 12 STOP ===
