=== SAMPLE 30 (Down) START ===
F0:[74,34,118,66,10,19,14,103]
F1:[74,40,130,244,33,22,13,104]
F2:[81,34,128,126,9,25,10,106]
F3:[91,53,130,90,25,5,8,103]
F4:[89,45,128,134,39,33,7,102]
F5:[84,53,130,202,57,14,0,112]
F6:[84,47,128,250,31,11,8,109]
F7:[85,48,124,126,51,1,16,101]
F8:[92,26,122,58,50,12,1,103]
F9:[86,26,122,10,35,22,14,102]
F10:[80,44,124,52,61,27,5,98]
F11:[77,39,128,174,61,21,9,109]
F12:[75,38,128,168,37,11,3,107]
F13:[89,50,128,206,33,2,7,104]
F14:[90,37,128,84,20,8,1,105]
F15:[87,51,128,200,49,21,11,106]
F16:[81,48,126,96,53,6,11,105]
F17:[85,49,128,110,41,1,10,99]
F18:[86,28,130,94,41,19,6,111]
F19:[92,27,128,150,31,16,13,113]
F20:[128,18,132,152,13,4,6,99]
F21:[154,11,124,114,47,30,8,108]
F22:[154,11,132,232,52,15,16,113]
F23:[143,15,126,110,48,32,5,111]
F24:[144,7,126,60,50,0,10,107]
F25:[151,10,128,160,37,6,14,108]
F26:[153,10,128,218,54,4,15,110]
F27:[157,12,124,72,35,24,0,102]
F28:[161,14,124,70,24,9,2,101]
F29:[163,34,122,24,43,23,9,105]
F30:[152,37,128,158,32,15,7,105]
F31:[154,11,130,244,49,3,6,106]
F32:[154,12,130,224,30,26,5,102]
F33:[146,24,124,86,62,4,15,101]
F34:[142,52,124,188,46,30,11,106]
F35:[145,7,132,250,55,18,11,106]
F36:[157,12,128,48,31,1,10,110]
F37:[156,11,126,218,61,20,4,101]
F38:[153,34,128,122,0,34,0,112]
F39:[162,12,130,234,34,19,14,104]
=== SAMPLE 30 STOP ===
