=== SAMPLE 9 (Down) START ===
F0:[76,23,126,184,11,30,14,106]
F1:[78,25,128,62,24,7,15,107]
F2:[89,40,124,18,38,17,11,108]
F3:[95,70,126,240,32,5,7,99]
F4:[93,70,126,22,45,10,10,107]
F5:[94,52,130,24,51,32,1,110]
F6:[97,49,128,204,37,29,3,104]
F7:[101,53,122,24,61,3,3,107]
F8:[97,36,128,52,51,22,10,101]
F9:[98,35,130,216,36,21,2,101]
F10:[84,30,128,80,12,30,3,107]
F11:[77,28,128,16,45,17,8,105]
F12:[85,25,126,50,48,14,0,107]
F13:[91,69,128,88,29,13,7,101]
F14:[97,87,132,198,41,23,0,111]
F15:[92,68,128,126,32,35,10,102]
F16:[95,49,126,194,5,16,9,107]
F17:[97,49,128,208,35,34,7,104]
F18:[110,54,126,132,5,35,13,106]
F19:[97,36,132,184,35,15,14,103]
F20:[118,20,130,44,16,14,13,109]
F21:[135,8,128,78,30,5,1,106]
F22:[140,7,130,66,40,23,10,116]
F23:[157,49,126,26,46,34,16,101]
F24:[156,32,128,22,48,13,15,110]
F25:[156,21,122,32,58,12,14,107]
F26:[159,17,126,70,39,23,13,101]
F27:[158,14,120,22,7,2,13,103]
F28:[159,12,130,122,44,6,4,107]
F29:[159,14,124,26,41,1,9,109]
F30:[142,24,124,4,15,6,13,99]
F31:[140,7,128,32,30,22,10,107]
F32:[138,6,124,6,12,20,0,107]
F33:[149,35,134,212,4,25,11,112]
F34:[151,51,128,98,19,4,5,112]
F35:[156,25,128,74,24,33,6,109]
F36:[159,14,128,214,45,11,11,107]
F37:[157,15,130,190,26,18,15,110]
F38:[150,17,126,104,40,29,9,104]
F39:[159,10,126,100,3,20,14,104]
=== SAMPLE 9 STOP ===
