=== SAMPLE 25 (Down) START ===
F0:[112,23,128,176,46,30,10,108]
F1:[73,28,128,30,19,14,13,110]
F2:[82,34,124,44,22,7,0,104]
F3:[84,53,124,124,20,3,15,105]
F4:[77,52,128,204,4,13,9,109]
F5:[92,38,126,184,37,21,9,108]
F6:[86,39,122,54,46,10,9,109]
F7:[86,39,128,246,60,0,6,105]
F8:[94,52,126,58,60,36,10,107]
F9:[105,25,128,114,49,3,8,108]
F10:[86,25,128,120,3,30,1,104]
F11:[69,24,124,40,36,16,1,103]
F12:[71,35,128,204,26,5,13,108]
F13:[93,48,128,198,35,11,16,100]
F14:[97,45,130,222,30,25,13,101]
F15:[80,42,124,58,8,8,11,105]
F16:[86,36,126,238,22,5,14,103]
F17:[90,40,132,164,13,21,0,105]
F18:[107,25,130,164,42,13,6,112]
F19:[93,58,132,240,29,2,8,111]
F20:[131,20,126,228,61,13,12,104]
F21:[146,15,126,140,63,30,9,103]
F22:[147,15,128,232,63,34,3,111]
F23:[129,30,132,162,19,35,14,108]
F24:[154,16,128,82,13,34,6,111]
F25:[155,11,132,100,18,17,9,103]
F26:[158,7,124,26,15,36,13,109]
F27:[160,7,128,124,32,0,4,105]
F28:[162,15,128,224,33,17,10,100]
F29:[164,14,122,30,62,1,5,104]
F30:[160,16,132,192,60,12,11,109]
F31:[147,15,124,72,47,3,3,106]
F32:[147,15,126,224,31,9,7,105]
F33:[151,15,130,96,20,12,5,103]
F34:[153,15,124,58,28,20,4,110]
F35:[139,42,128,188,39,5,12,106]
F36:[160,7,126,60,38,20,4,107]
F37:[160,8,126,188,34,0,7,112]
F38:[154,29,126,132,49,11,1,110]
F39:[144,19,128,186,33,14,3,106]
=== SAMPLE 25 STOP ===
