=== SAMPLE 4 (Fear2) START ===
F0:[144,74,128,132,62,204,193,175,88]
F1:[120,53,128,8,88,198,189,175,104]
F2:[117,44,128,54,62,193,184,173,125]
F3:[132,64,128,82,50,209,187,175,143]
F4:[133,75,126,4,101,214,195,179,129]
F5:[165,66,130,110,62,209,178,175,160]
F6:[175,61,126,52,75,209,195,178,138]
F7:[156,70,128,20,75,204,204,173,109]
F8:[168,56,128,82,62,219,193,175,140]
F9:[180,62,128,192,24,198,193,171,140]
F10:[144,76,128,44,50,224,195,179,92]
F11:[134,69,128,136,62,214,191,176,118]
F12:[116,38,126,38,24,224,206,176,110]
F13:[139,93,128,136,37,214,189,172,151]
F14:[137,64,126,34,50,214,193,175,126]
F15:[154,55,126,98,50,209,199,175,145]
F16:[178,58,124,62,50,224,199,172,152]
F17:[158,80,128,26,88,193,189,171,108]
F18:[168,54,128,96,24,224,199,176,138]
F19:[173,65,126,14,24,224,189,174,133]
F20:[184,47,128,110,11,209,182,175,139]
F21:[193,35,128,202,37,219,193,178,137]
F22:[191,46,128,42,62,229,195,175,126]
F23:[184,47,126,32,62,209,199,175,121]
F24:[185,39,126,50,88,219,199,176,129]
F25:[187,33,128,44,50,204,191,175,130]
F26:[193,42,130,122,37,214,189,175,134]
F27:[195,55,126,24,75,229,204,175,130]
F28:[186,33,128,40,75,214,191,176,119]
F29:[183,23,126,4,75,234,197,175,125]
F30:[187,46,128,32,37,204,182,177,132]
F31:[193,37,126,46,24,219,204,175,134]
F32:[191,49,128,66,62,193,193,177,126]
F33:[186,38,128,136,255,193,201,175,123]
F34:[185,52,126,4,101,214,201,174,127]
F35:[183,34,128,230,62,219,189,174,126]
F36:[193,26,126,120,62,214,191,175,138]
F37:[195,61,128,130,37,214,191,174,130]
F38:[187,33,128,136,75,209,199,176,120]
F39:[184,25,126,16,50,224,206,175,125]
=== SAMPLE 4 STOP ===
