=== SAMPLE 5 (Fear2) START ===
F0:[115,57,128,86,37,214,199,175,59]
F1:[100,57,126,18,50,224,199,170,113]
F2:[79,47,128,58,62,214,184,172,107]
F3:[97,55,128,54,50,219,187,176,146]
F4:[121,66,126,90,50,229,189,174,152]
F5:[157,38,126,34,37,224,208,170,164]
F6:[155,46,126,28,62,209,195,176,126]
F7:[162,114,126,40,50,204,197,172,135]
F8:[153,64,126,116,62,219,193,173,119]
F9:[157,30,126,56,62,234,184,174,132]
F10:[106,71,126,8,88,239,199,178,77]
F11:[122,65,126,14,37,219,201,175,144]
F12:[92,61,126,10,75,229,187,175,98]
F13:[113,60,128,106,37,224,189,172,149]
F14:[108,54,128,22,50,204,199,170,123]
F15:[137,42,126,24,62,219,189,174,157]
F16:[160,32,126,22,24,209,197,167,151]
F17:[158,97,126,58,75,224,193,173,126]
F18:[154,71,128,60,75,234,182,176,124]
F19:[153,44,128,40,62,209,184,174,127]
F20:[173,44,126,90,62,209,201,173,148]
F21:[194,62,126,14,255,234,191,171,149]
F22:[192,30,126,4,101,214,204,170,126]
F23:[183,33,128,44,62,214,199,175,119]
F24:[187,47,126,60,62,224,204,174,132]
F25:[186,19,126,64,75,204,191,172,127]
F26:[192,1,126,54,50,224,195,171,134]
F27:[192,11,126,76,75,214,199,179,128]
F28:[183,19,126,28,62,219,201,176,119]
F29:[181,0,126,10,75,209,199,172,126]
F30:[183,14,126,120,50,219,193,175,130]
F31:[194,44,126,32,37,219,193,175,139]
F32:[192,28,128,94,75,224,195,174,126]
F33:[186,37,126,146,62,224,201,172,122]
F34:[187,53,128,40,50,224,189,179,129]
F35:[182,19,126,22,50,229,191,180,123]
F36:[193,1,126,124,75,198,187,170,139]
F37:[190,11,126,4,101,209,191,176,125]
F38:[186,28,126,6,75,214,204,173,124]
F39:[181,0,128,212,75,229,197,176,123]
=== SAMPLE 5 STOP ===
