=== SAMPLE 2 (Fear2) START ===
F0:[96,28,126,46,62,219,197,177,40]
F1:[141,90,128,40,37,193,193,168,173]
F2:[140,75,126,18,37,224,195,175,127]
F3:[96,26,128,80,37,224,189,175,84]
F4:[110,32,128,28,37,209,197,173,142]
F5:[141,66,126,42,62,209,197,176,159]
F6:[127,52,128,88,75,209,187,175,114]
F7:[113,43,126,14,75,239,191,175,114]
F8:[122,41,128,32,37,224,195,176,137]
F9:[141,57,126,28,62,204,204,174,147]
F10:[111,26,128,10,75,229,180,174,98]
F11:[129,74,126,8,62,219,189,172,146]
F12:[139,90,128,28,37,209,210,176,138]
F13:[90,26,128,114,50,214,184,174,79]
F14:[103,41,128,26,255,219,197,178,141]
F15:[145,78,126,8,75,229,191,173,170]
F16:[131,58,126,4,62,219,197,175,114]
F17:[120,33,126,8,75,214,208,177,117]
F18:[119,46,126,150,50,214,195,173,127]
F19:[139,57,126,64,62,224,195,172,148]
F20:[167,25,126,28,24,224,199,171,156]
F21:[193,20,128,4,88,209,191,177,154]
F22:[192,105,128,118,37,219,191,170,127]
F23:[182,14,128,98,62,219,197,174,118]
F24:[183,14,128,114,62,209,191,171,129]
F25:[188,29,126,60,88,219,193,172,133]
F26:[189,11,128,30,50,209,199,179,129]
F27:[192,56,128,56,50,214,193,179,131]
F28:[185,26,128,14,50,234,187,174,121]
F29:[185,3,128,96,37,219,201,172,128]
F30:[186,41,126,54,75,209,195,171,129]
F31:[194,23,126,86,75,234,197,174,136]
F32:[192,98,128,196,37,219,189,175,126]
F33:[186,14,128,90,75,204,178,178,122]
F34:[182,15,128,112,62,214,176,177,124]
F35:[186,32,126,60,37,214,195,171,132]
F36:[184,8,126,14,62,234,199,176,126]
F37:[193,55,128,28,62,214,193,177,137]
F38:[188,24,128,8,75,229,195,178,123]
F39:[185,10,126,130,50,198,197,174,125]
=== SAMPLE 2 STOP ===
