=== SAMPLE 19 START ===
F0:[93,43,128,216,42,9,3,110]
F1:[94,46,126,208,3,15,5,100]
F2:[79,49,130,116,33,9,16,105]
F3:[66,57,128,22,38,19,2,105]
F4:[62,53,130,186,1,19,9,105]
F5:[70,31,126,90,48,22,15,101]
F6:[72,21,128,184,48,18,4,105]
F7:[79,24,126,6,16,30,2,107]
F8:[110,21,126,226,20,16,3,100]
F9:[106,20,128,52,12,6,12,106]
F10:[98,38,124,212,17,14,2,104]
F11:[91,48,126,210,37,1,16,106]
F12:[96,50,130,198,43,20,1,104]
F13:[63,57,130,138,51,0,15,102]
F14:[65,56,124,140,20,29,0,108]
F15:[71,36,122,14,62,3,6,95]
F16:[69,22,128,78,44,5,9,98]
F17:[81,23,126,200,26,14,2,107]
F18:[101,19,124,28,15,17,10,102]
F19:[110,21,126,186,33,16,11,104]
F20:[116,20,126,242,7,12,16,114]
F21:[131,24,132,216,54,31,2,111]
F22:[129,24,122,178,57,29,16,93]
F23:[110,49,128,158,21,31,1,104]
F24:[133,25,126,106,40,29,15,98]
F25:[127,21,126,98,28,10,3,105]
F26:[125,24,128,44,18,28,8,101]
F27:[126,23,128,44,59,4,16,110]
F28:[130,28,130,138,41,11,12,108]
F29:[123,23,128,82,20,24,5,102]
F30:[131,25,126,70,44,4,13,107]
F31:[128,24,132,184,54,34,15,104]
F32:[127,23,124,4,61,18,9,93]
F33:[134,26,132,136,42,4,9,114]
F34:[130,24,126,104,48,23,11,107]
F35:[126,21,126,158,53,8,6,110]
F36:[128,23,128,120,19,32,4,111]
F37:[128,24,126,144,51,26,0,99]
F38:[127,43,132,232,38,7,12,113]
F39:[128,23,126,190,34,5,7,100]
=== SAMPLE 19 STOP ===
