=== SAMPLE 15 START ===
F0:[185,7,130,212,41,26,7,107]
F1:[186,8,128,86,54,30,2,107]
F2:[134,25,126,130,5,34,5,111]
F3:[183,0,128,130,50,30,5,98]
F4:[184,0,124,38,30,11,15,105]
F5:[136,35,132,206,45,14,9,107]
F6:[126,37,128,48,50,20,15,107]
F7:[117,47,120,46,53,8,14,102]
F8:[84,56,128,212,56,1,12,109]
F9:[82,58,124,60,22,21,5,100]
F10:[161,17,132,162,42,31,3,108]
F11:[185,7,128,88,54,27,0,109]
F12:[184,5,126,74,38,4,5,103]
F13:[183,0,132,132,64,19,1,105]
F14:[184,0,124,94,4,11,7,106]
F15:[148,24,126,160,44,26,9,101]
F16:[129,39,126,136,10,30,16,105]
F17:[125,40,128,248,41,14,9,107]
F18:[82,58,122,116,5,3,7,105]
F19:[85,60,126,174,53,32,12,110]
F20:[95,35,132,134,4,13,7,110]
F21:[111,24,132,240,39,35,7,106]
F22:[110,24,130,206,60,15,9,108]
F23:[112,23,126,70,43,35,5,102]
F24:[112,24,130,82,4,28,17,104]
F25:[117,23,128,194,25,24,3,108]
F26:[118,19,126,240,0,7,0,105]
F27:[118,20,128,20,41,34,5,106]
F28:[124,21,128,68,28,7,1,103]
F29:[119,19,126,222,18,25,3,102]
F30:[120,23,122,64,37,32,2,107]
F31:[110,24,126,218,39,2,4,100]
F32:[107,23,130,226,44,8,3,113]
F33:[118,39,128,122,55,33,1,111]
F34:[111,23,124,214,59,17,11,107]
F35:[114,24,122,192,9,12,1,105]
F36:[119,20,124,4,5,34,14,103]
F37:[120,19,126,112,47,4,0,112]
F38:[122,52,132,234,3,33,1,109]
F39:[124,20,122,86,39,0,13,104]
=== SAMPLE 15 STOP ===
