=== SAMPLE 4 (On2) START ===
F0:[117,20,128,84,242,229,187,176,65]
F1:[142,92,128,26,50,209,191,173,153]
F2:[148,74,128,128,62,224,184,175,134]
F3:[129,25,126,18,75,224,187,177,109]
F4:[134,60,126,60,50,214,195,175,133]
F5:[144,65,126,16,11,214,204,173,138]
F6:[157,24,128,26,50,214,199,172,141]
F7:[159,32,128,8,88,219,187,174,130]
F8:[154,52,128,62,62,209,187,177,123]
F9:[152,39,128,112,50,219,195,173,126]
F10:[133,24,126,12,50,234,199,173,109]
F11:[150,74,128,58,24,224,193,176,145]
F12:[140,99,126,18,50,229,201,178,118]
F13:[115,32,128,244,255,219,199,174,103]
F14:[132,51,128,24,62,204,201,175,145]
F15:[144,73,126,8,75,229,189,172,140]
F16:[157,24,128,64,50,219,191,170,141]
F17:[157,24,128,24,62,209,201,175,128]
F18:[149,62,126,218,75,219,199,172,120]
F19:[153,33,128,204,62,224,176,170,132]
F20:[176,12,126,44,24,219,206,173,151]
F21:[194,51,128,24,37,219,201,178,146]
F22:[190,79,126,48,37,234,204,173,124]
F23:[183,0,126,84,75,229,195,178,121]
F24:[184,20,128,46,62,198,204,175,129]
F25:[187,65,126,76,50,229,189,175,131]
F26:[193,47,128,28,37,209,195,173,134]
F27:[191,70,128,158,50,234,180,177,126]
F28:[188,48,128,56,37,178,193,178,125]
F29:[187,14,126,92,75,214,193,172,127]
F30:[189,51,126,8,75,224,193,172,130]
F31:[194,43,126,88,50,219,195,174,133]
F32:[190,87,126,48,62,219,208,172,124]
F33:[187,2,126,56,24,219,199,174,125]
F34:[183,16,128,16,62,204,193,176,124]
F35:[187,84,128,116,62,209,182,173,132]
F36:[191,23,126,40,62,224,201,174,132]
F37:[191,88,128,26,62,198,195,175,128]
F38:[189,32,126,30,37,214,204,173,126]
F39:[188,19,128,6,88,204,189,174,127]
=== SAMPLE 4 STOP ===
