=== SAMPLE 26 START ===
F0:[164,0,126,204,62,21,4,105]
F1:[164,0,132,84,20,21,0,110]
F2:[119,6,124,108,36,12,8,101]
F3:[87,45,126,134,25,10,12,105]
F4:[86,44,126,82,48,9,7,108]
F5:[66,74,130,208,35,27,2,105]
F6:[61,76,124,50,53,0,6,100]
F7:[66,60,126,218,54,31,11,102]
F8:[80,28,128,202,49,14,10,110]
F9:[77,25,126,56,10,21,11,103]
F10:[144,6,122,18,58,30,8,104]
F11:[164,0,124,66,43,9,10,105]
F12:[150,10,130,8,54,5,13,106]
F13:[85,44,124,48,33,16,8,106]
F14:[89,46,130,140,42,17,1,103]
F15:[68,63,130,90,22,5,8,104]
F16:[63,79,126,6,20,11,9,104]
F17:[63,78,128,222,50,23,16,105]
F18:[82,28,124,130,38,12,3,106]
F19:[77,25,126,116,4,3,13,109]
F20:[101,20,126,82,23,19,16,107]
F21:[122,15,126,78,5,4,14,101]
F22:[122,15,128,210,49,6,6,103]
F23:[127,16,128,104,36,11,4,106]
F24:[132,15,126,26,40,26,3,104]
F25:[132,17,128,160,53,20,6,110]
F26:[141,16,126,10,33,10,9,109]
F27:[139,15,126,152,11,29,5,106]
F28:[140,12,126,112,54,12,4,105]
F29:[143,16,126,44,43,20,13,101]
F30:[136,15,126,130,43,25,4,106]
F31:[120,15,128,50,3,21,17,100]
F32:[122,15,132,62,15,17,5,105]
F33:[123,34,124,112,46,1,6,105]
F34:[130,16,126,18,43,12,10,109]
F35:[131,19,128,46,18,6,9,103]
F36:[138,15,128,14,62,21,12,99]
F37:[140,15,126,64,41,0,11,107]
F38:[141,28,124,26,59,33,11,102]
F39:[141,15,130,132,24,5,0,101]
=== SAMPLE 26 STOP ===
