=== SAMPLE 22 START ===
F0:[76,33,128,206,14,36,9,98]
F1:[74,37,124,108,32,23,11,102]
F2:[66,38,124,98,9,18,12,104]
F3:[63,28,130,148,53,30,13,110]
F4:[65,33,130,182,31,11,11,108]
F5:[94,35,126,54,5,17,0,109]
F6:[91,29,128,110,35,26,11,106]
F7:[110,27,128,152,38,33,8,112]
F8:[110,32,126,234,43,4,4,106]
F9:[121,19,124,18,35,0,12,106]
F10:[88,30,130,104,50,35,5,108]
F11:[76,37,122,42,6,3,11,100]
F12:[122,56,122,18,62,24,5,103]
F13:[62,32,130,22,19,32,9,106]
F14:[60,32,130,178,12,22,1,108]
F15:[83,28,128,210,34,2,15,109]
F16:[146,36,124,14,8,33,4,105]
F17:[99,29,130,180,45,25,1,109]
F18:[124,19,126,160,53,35,0,103]
F19:[126,20,126,82,59,16,4,94]
F20:[118,27,128,18,5,10,4,115]
F21:[126,24,134,220,27,13,4,117]
F22:[125,24,132,164,22,21,3,104]
F23:[127,44,130,14,32,5,10,102]
F24:[125,41,130,80,12,10,0,109]
F25:[131,28,128,64,63,6,13,109]
F26:[142,24,126,190,52,28,8,102]
F27:[140,24,126,34,25,23,1,103]
F28:[124,32,130,226,41,18,0,108]
F29:[134,25,126,200,35,3,12,108]
F30:[132,24,130,126,16,9,4,107]
F31:[123,23,126,24,58,7,1,105]
F32:[129,35,132,76,57,23,1,109]
F33:[131,25,124,52,4,2,9,104]
F34:[131,25,128,222,55,14,16,105]
F35:[130,26,126,40,28,13,10,112]
F36:[138,23,132,182,32,33,11,113]
F37:[143,25,124,72,26,23,15,109]
F38:[137,28,124,104,52,2,17,106]
F39:[133,20,126,24,39,11,0,113]
=== SAMPLE 22 STOP ===
