=== SAMPLE 23 START ===
F0:[22,0,130,190,13,2,9,105]
F1:[27,0,128,100,19,36,15,110]
F2:[49,19,128,244,45,6,12,105]
F3:[70,21,128,92,31,20,5,108]
F4:[76,24,124,48,50,21,5,101]
F5:[63,67,124,174,51,29,0,104]
F6:[62,74,128,34,46,22,11,107]
F7:[142,46,128,196,32,8,14,107]
F8:[82,19,130,172,30,36,6,108]
F9:[83,13,132,10,13,30,14,109]
F10:[37,8,126,46,22,13,13,106]
F11:[101,46,126,216,46,15,8,102]
F12:[37,2,126,174,56,33,5,106]
F13:[80,25,128,198,56,2,3,105]
F14:[75,23,126,148,57,18,4,105]
F15:[62,49,126,116,37,30,11,108]
F16:[60,74,126,162,58,33,4,106]
F17:[65,65,122,106,38,10,14,105]
F18:[83,36,124,24,48,12,7,105]
F19:[82,50,130,18,32,30,3,112]
F20:[106,23,128,76,25,0,3,109]
F21:[128,30,128,114,48,30,0,104]
F22:[127,28,126,250,57,20,9,103]
F23:[124,25,128,48,17,35,12,104]
F24:[131,29,128,216,1,1,0,102]
F25:[131,26,128,238,46,34,9,114]
F26:[136,37,126,58,4,20,7,106]
F27:[133,30,128,136,50,7,2,103]
F28:[136,26,128,120,42,7,14,103]
F29:[133,25,128,202,44,33,2,109]
F30:[133,30,126,172,56,12,2,107]
F31:[126,35,126,136,58,34,14,110]
F32:[129,25,132,222,26,17,7,108]
F33:[126,28,128,218,12,20,10,110]
F34:[123,24,124,156,59,17,4,113]
F35:[129,29,124,22,62,28,11,107]
F36:[136,28,126,246,50,1,12,108]
F37:[137,26,122,100,19,9,12,103]
F38:[131,55,130,178,15,27,8,110]
F39:[137,26,130,118,2,28,17,110]
=== SAMPLE 23 STOP ===
