=== SAMPLE 7 START ===
F0:[61,46,130,218,31,29,0,106]
F1:[61,44,126,242,25,16,9,111]
F2:[75,33,130,80,13,29,4,111]
F3:[76,55,130,70,41,21,1,110]
F4:[94,30,130,246,35,16,4,108]
F5:[104,30,126,120,9,1,6,101]
F6:[103,28,124,168,27,26,3,112]
F7:[117,36,126,206,62,0,1,108]
F8:[123,24,128,232,56,6,1,112]
F9:[123,21,130,226,54,5,1,112]
F10:[77,43,128,150,41,32,2,99]
F11:[127,68,124,120,49,10,7,107]
F12:[61,38,132,228,12,14,11,103]
F13:[97,23,132,170,43,16,8,103]
F14:[90,21,122,46,33,28,5,99]
F15:[88,37,128,8,57,19,15,106]
F16:[103,28,124,106,15,34,10,103]
F17:[104,25,130,216,43,26,0,111]
F18:[126,23,132,4,16,31,16,102]
F19:[118,25,126,220,18,7,7,105]
F20:[127,16,132,176,63,9,8,107]
F21:[122,12,132,180,32,5,6,110]
F22:[126,10,124,112,21,23,11,97]
F23:[119,24,126,32,50,29,8,101]
F24:[109,19,130,174,39,8,0,107]
F25:[121,12,126,106,63,1,4,108]
F26:[120,7,126,118,44,30,0,104]
F27:[136,76,126,24,27,12,0,100]
F28:[135,21,124,20,56,3,10,99]
F29:[142,17,128,244,51,32,4,110]
F30:[135,25,128,70,54,31,5,106]
F31:[129,25,124,72,41,16,12,100]
F32:[127,10,124,66,59,5,7,101]
F33:[115,15,126,216,55,33,16,105]
F34:[114,24,126,178,18,10,3,104]
F35:[120,39,126,16,39,29,15,105]
F36:[125,7,126,198,54,12,6,105]
F37:[122,7,128,96,48,20,4,107]
F38:[127,21,126,134,41,33,1,112]
F39:[128,25,130,180,24,10,1,108]
=== SAMPLE 7 STOP ===
