=== SAMPLE 29 START ===
F0:[65,52,126,74,59,0,2,111]
F1:[66,48,122,72,40,32,15,104]
F2:[78,44,128,22,20,29,2,108]
F3:[85,24,126,58,7,3,14,106]
F4:[89,26,130,62,46,13,12,111]
F5:[106,22,126,228,26,35,2,105]
F6:[113,19,130,16,10,0,14,106]
F7:[101,45,126,198,32,1,15,102]
F8:[104,16,128,18,21,21,16,111]
F9:[106,18,126,92,42,32,11,108]
F10:[77,40,130,198,52,2,11,103]
F11:[68,52,126,178,57,33,13,106]
F12:[72,48,128,78,4,19,9,109]
F13:[86,25,130,70,15,32,4,111]
F14:[90,27,132,246,39,25,12,113]
F15:[91,26,126,158,42,34,9,102]
F16:[107,19,122,28,6,31,14,96]
F17:[108,19,124,220,49,18,6,101]
F18:[109,19,130,28,6,4,16,107]
F19:[98,55,126,226,14,15,14,102]
F20:[117,15,122,170,45,17,15,104]
F21:[129,16,128,90,47,25,5,115]
F22:[131,15,128,108,37,13,16,100]
F23:[137,21,124,4,16,36,11,104]
F24:[134,16,128,96,32,30,8,103]
F25:[135,15,130,238,35,16,14,110]
F26:[136,16,128,86,62,1,10,113]
F27:[125,75,124,102,39,7,8,104]
F28:[143,16,132,6,3,7,15,105]
F29:[145,16,130,240,14,10,0,102]
F30:[141,21,128,74,24,16,14,104]
F31:[131,38,132,136,18,25,8,110]
F32:[131,15,132,10,19,26,2,111]
F33:[132,16,130,168,50,30,11,112]
F34:[138,20,126,4,10,0,7,111]
F35:[138,23,124,4,26,35,14,105]
F36:[138,15,128,232,5,18,4,104]
F37:[136,15,132,212,34,19,4,108]
F38:[141,29,130,26,21,25,8,104]
F39:[145,38,126,122,53,1,5,105]
=== SAMPLE 29 STOP ===
