=== SAMPLE 10 (On2) START ===
F0:[112,32,128,100,50,204,197,179,52]
F1:[116,48,126,92,50,224,195,174,132]
F2:[115,42,124,66,37,219,191,170,127]
F3:[118,46,126,26,75,214,197,175,131]
F4:[115,37,126,104,50,219,195,174,125]
F5:[139,94,126,74,24,224,187,174,152]
F6:[139,133,126,16,37,234,206,176,128]
F7:[133,25,126,16,37,224,195,173,122]
F8:[134,74,128,38,75,209,199,175,129]
F9:[131,108,128,78,75,219,195,177,125]
F10:[118,30,128,22,50,224,197,179,115]
F11:[109,42,128,222,255,198,199,172,119]
F12:[124,49,128,96,75,214,191,176,143]
F13:[106,39,128,70,37,229,187,176,110]
F14:[116,38,126,92,50,204,199,173,138]
F15:[134,69,126,70,75,209,195,177,146]
F16:[134,107,128,28,88,204,195,177,128]
F17:[127,29,128,130,62,219,197,174,121]
F18:[128,80,128,136,24,214,187,177,129]
F19:[136,87,128,80,37,204,195,177,136]
F20:[163,28,126,26,62,204,197,175,155]
F21:[192,15,128,86,37,209,195,173,157]
F22:[190,71,126,172,75,224,197,176,126]
F23:[183,88,126,56,75,219,193,176,121]
F24:[183,12,128,106,37,219,193,173,128]
F25:[187,24,128,30,62,209,199,179,132]
F26:[190,75,128,134,37,214,187,175,131]
F27:[191,74,128,214,24,219,197,175,129]
F28:[186,60,128,8,62,244,182,170,123]
F29:[184,80,126,8,75,224,206,177,126]
F30:[187,58,126,122,62,224,204,175,131]
F31:[193,12,126,4,101,214,204,175,134]
F32:[193,66,128,136,62,219,189,173,128]
F33:[184,52,128,26,11,209,197,174,119]
F34:[184,17,126,74,75,204,195,177,128]
F35:[186,41,126,18,75,224,199,171,130]
F36:[189,75,128,60,62,214,184,180,131]
F37:[191,84,128,80,37,219,182,176,130]
F38:[187,75,126,6,62,229,197,174,124]
F39:[184,48,128,100,62,214,195,172,125]
=== SAMPLE 10 STOP ===
