=== SAMPLE 11 START ===
F0:[157,0,128,166,7,15,8,107]
F1:[161,0,128,180,11,2,0,110]
F2:[137,19,126,230,43,10,11,110]
F3:[96,44,132,120,11,21,11,106]
F4:[98,40,128,50,60,31,0,107]
F5:[65,48,128,4,5,7,13,102]
F6:[60,40,128,98,15,26,4,106]
F7:[68,44,128,246,45,27,15,104]
F8:[93,22,130,106,36,9,3,111]
F9:[87,22,128,232,45,22,4,107]
F10:[146,6,128,70,0,27,6,108]
F11:[160,0,126,40,35,17,4,116]
F12:[149,11,122,60,54,15,1,108]
F13:[97,41,126,130,21,15,0,107]
F14:[100,44,128,164,64,9,14,103]
F15:[71,45,128,192,54,20,0,106]
F16:[60,40,126,10,56,15,16,103]
F17:[59,44,128,222,1,17,13,104]
F18:[92,23,126,136,37,20,15,98]
F19:[89,20,126,184,32,14,14,102]
F20:[115,24,130,192,37,28,6,105]
F21:[132,24,128,36,23,3,10,105]
F22:[132,24,126,86,29,36,6,108]
F23:[128,108,124,108,2,35,16,101]
F24:[137,24,126,186,18,34,16,110]
F25:[138,23,126,158,63,2,11,101]
F26:[135,24,126,122,59,28,2,101]
F27:[135,23,124,208,51,22,7,102]
F28:[140,25,124,28,29,33,10,104]
F29:[137,23,126,50,47,17,0,103]
F30:[138,25,126,142,42,9,3,105]
F31:[132,24,126,220,0,1,2,108]
F32:[129,23,128,80,15,4,2,108]
F33:[139,24,124,120,19,35,1,104]
F34:[136,23,126,120,52,12,11,110]
F35:[136,23,124,124,32,35,2,103]
F36:[136,23,128,146,26,28,10,104]
F37:[137,24,128,218,34,8,1,108]
F38:[135,24,124,104,63,17,12,108]
F39:[140,24,124,190,45,5,8,109]
=== SAMPLE 11 STOP ===
