=== SAMPLE 17 START ===
F0:[175,2,128,4,17,13,11,103]
F1:[177,5,126,44,32,33,8,104]
F2:[145,26,130,18,22,9,3,103]
F3:[166,17,124,90,53,34,2,104]
F4:[172,14,130,146,25,24,11,106]
F5:[61,67,126,60,12,27,3,108]
F6:[49,69,130,70,40,15,5,104]
F7:[54,66,128,250,60,21,9,105]
F8:[55,72,128,144,9,2,3,108]
F9:[52,68,122,22,3,14,12,106]
F10:[147,21,132,250,32,28,13,110]
F11:[177,5,128,204,29,13,9,106]
F12:[176,2,124,122,41,31,14,94]
F13:[172,14,128,124,15,4,12,108]
F14:[166,16,128,210,2,7,4,106]
F15:[91,51,128,80,29,32,17,112]
F16:[51,67,124,170,48,30,6,108]
F17:[58,69,128,176,49,12,14,109]
F18:[51,70,130,78,48,23,6,115]
F19:[54,69,132,224,48,16,4,114]
F20:[88,47,122,156,36,2,11,110]
F21:[115,24,130,112,46,3,12,103]
F22:[115,23,126,184,57,17,10,107]
F23:[126,16,124,234,57,5,0,110]
F24:[126,16,128,32,48,9,0,112]
F25:[126,14,126,176,52,25,6,100]
F26:[128,16,124,108,48,1,8,112]
F27:[130,15,124,78,22,2,1,105]
F28:[136,16,122,40,54,24,4,102]
F29:[136,21,126,178,57,11,5,111]
F30:[130,20,128,106,28,28,3,101]
F31:[118,24,130,146,63,35,14,103]
F32:[117,23,126,94,59,10,0,104]
F33:[113,35,124,152,37,0,6,114]
F34:[125,15,126,26,54,27,15,102]
F35:[127,16,126,178,27,34,5,104]
F36:[130,15,128,100,48,24,13,108]
F37:[129,16,130,172,26,32,10,110]
F38:[134,16,128,216,60,30,13,106]
F39:[137,17,128,222,38,22,12,105]
=== SAMPLE 17 STOP ===
