=== SAMPLE 30 START ===
F0:[131,27,128,172,22,23,6,113]
F1:[124,25,124,74,11,2,9,102]
F2:[122,54,126,128,21,14,1,109]
F3:[87,46,126,58,54,3,16,109]
F4:[86,46,128,48,27,3,16,108]
F5:[72,34,124,218,4,34,4,94]
F6:[144,51,132,208,6,35,3,115]
F7:[79,29,126,220,24,15,0,103]
F8:[86,17,128,142,34,27,10,108]
F9:[89,19,128,190,43,22,1,106]
F10:[130,26,128,132,53,12,10,102]
F11:[134,27,124,62,17,8,5,106]
F12:[112,27,124,164,19,35,10,106]
F13:[87,54,126,170,32,25,7,105]
F14:[94,53,132,12,28,35,7,112]
F15:[77,37,128,156,37,36,0,107]
F16:[66,28,130,46,9,14,11,115]
F17:[74,31,128,232,39,27,2,105]
F18:[120,28,132,164,4,30,10,114]
F19:[90,20,122,32,56,2,2,109]
F20:[99,13,122,86,54,18,0,102]
F21:[122,17,130,204,25,25,2,111]
F22:[123,52,124,202,42,24,9,102]
F23:[118,25,130,240,51,13,0,111]
F24:[122,23,128,206,55,6,2,102]
F25:[125,24,126,168,10,7,13,108]
F26:[132,41,126,26,50,19,8,98]
F27:[134,17,128,40,43,23,2,107]
F28:[136,21,128,106,42,24,5,105]
F29:[129,28,128,138,36,2,16,113]
F30:[129,19,128,46,55,5,7,114]
F31:[119,15,128,250,42,33,7,112]
F32:[118,15,124,164,54,23,14,109]
F33:[122,22,122,182,29,32,5,107]
F34:[120,24,126,130,62,18,10,104]
F35:[126,23,126,42,31,7,0,106]
F36:[134,17,126,148,58,3,11,108]
F37:[123,84,130,126,45,12,0,107]
F38:[139,30,130,6,11,35,13,109]
F39:[139,23,128,132,43,27,6,108]
=== SAMPLE 30 STOP ===
