=== SAMPLE 13 START ===
F0:[72,33,126,188,41,17,3,110]
F1:[75,34,126,202,25,10,5,99]
F2:[64,37,124,52,53,21,4,106]
F3:[74,48,124,176,19,34,11,107]
F4:[67,46,128,250,38,33,14,105]
F5:[99,34,128,40,25,30,7,107]
F6:[103,25,128,212,13,6,9,111]
F7:[108,25,128,80,60,30,4,107]
F8:[112,15,126,8,41,15,8,111]
F9:[121,18,128,130,31,2,9,104]
F10:[79,30,126,220,12,7,8,105]
F11:[71,29,128,64,46,0,6,105]
F12:[73,39,128,214,54,26,13,113]
F13:[72,47,128,198,53,25,0,102]
F14:[67,43,126,148,11,27,13,109]
F15:[93,37,128,178,59,23,1,107]
F16:[101,31,128,244,36,30,6,107]
F17:[102,30,126,108,15,17,11,102]
F18:[120,18,126,164,26,22,14,106]
F19:[113,15,128,124,36,27,10,107]
F20:[119,18,132,38,10,20,6,106]
F21:[137,24,124,206,15,24,10,100]
F22:[135,23,128,30,21,34,5,102]
F23:[145,25,128,192,33,31,16,103]
F24:[146,25,128,56,41,5,7,107]
F25:[144,23,126,14,4,25,14,105]
F26:[137,23,124,12,62,29,11,105]
F27:[141,23,128,180,40,9,8,110]
F28:[129,39,124,144,46,7,1,107]
F29:[141,19,126,226,33,21,10,107]
F30:[142,21,132,188,47,11,15,104]
F31:[135,24,128,66,32,13,3,105]
F32:[133,23,132,230,39,35,6,111]
F33:[145,26,128,240,21,5,4,106]
F34:[144,24,126,192,28,12,14,111]
F35:[142,23,126,70,28,30,0,105]
F36:[141,24,128,86,7,0,15,106]
F37:[141,24,126,14,56,30,10,108]
F38:[139,21,126,112,58,5,2,105]
F39:[141,17,124,110,43,30,0,101]
=== SAMPLE 13 STOP ===
