=== SAMPLE 18 START ===
F0:[188,20,128,130,29,1,8,108]
F1:[189,20,130,128,8,17,5,106]
F2:[167,28,128,212,4,2,9,106]
F3:[136,41,126,22,29,27,13,100]
F4:[127,37,126,170,62,5,16,102]
F5:[73,41,126,70,0,22,7,105]
F6:[67,39,130,236,30,31,3,108]
F7:[69,33,126,10,63,13,10,105]
F8:[67,23,126,132,54,2,11,108]
F9:[67,23,126,64,63,16,4,110]
F10:[158,20,132,194,34,27,13,115]
F11:[188,17,130,158,36,19,7,103]
F12:[177,30,122,52,35,4,6,107]
F13:[128,37,126,130,31,11,5,99]
F14:[137,39,124,26,35,12,17,101]
F15:[82,41,130,236,51,34,8,110]
F16:[66,37,124,136,29,17,8,102]
F17:[72,41,132,238,11,18,2,108]
F18:[63,23,128,54,26,24,15,107]
F19:[73,24,128,52,42,11,9,111]
F20:[87,22,130,240,33,21,12,102]
F21:[120,24,124,190,16,19,15,106]
F22:[119,24,128,30,24,14,12,96]
F23:[118,21,126,130,37,15,8,104]
F24:[123,25,128,64,27,35,13,105]
F25:[123,23,124,152,51,20,0,104]
F26:[125,23,128,168,12,10,8,107]
F27:[130,24,122,212,35,8,0,106]
F28:[132,37,124,20,31,32,14,108]
F29:[138,24,126,90,24,36,10,103]
F30:[135,25,128,118,39,15,6,106]
F31:[116,23,126,80,1,1,16,101]
F32:[117,23,130,148,51,19,6,108]
F33:[122,32,128,164,25,12,7,107]
F34:[120,23,128,66,33,12,14,102]
F35:[120,24,126,58,7,0,8,102]
F36:[129,23,130,118,62,26,5,109]
F37:[128,24,128,178,39,31,5,104]
F38:[133,24,130,228,13,6,10,110]
F39:[137,23,128,38,34,32,0,109]
=== SAMPLE 18 STOP ===
