=== SAMPLE 14 START ===
F0:[55,96,130,146,23,22,11,110]
F1:[54,97,124,86,29,31,2,101]
F2:[63,73,126,162,55,33,0,100]
F3:[76,24,126,180,55,22,1,108]
F4:[82,24,128,240,40,20,8,108]
F5:[88,18,124,198,31,5,10,107]
F6:[93,17,130,124,19,3,4,110]
F7:[92,17,128,172,45,33,3,107]
F8:[96,16,130,178,34,33,10,114]
F9:[94,17,126,52,5,14,14,108]
F10:[67,72,126,216,2,10,10,106]
F11:[60,100,132,144,31,1,8,110]
F12:[54,75,124,64,57,3,3,108]
F13:[82,24,122,54,42,23,5,99]
F14:[75,26,126,34,31,31,8,95]
F15:[85,18,126,84,28,10,12,109]
F16:[88,16,130,108,19,27,3,107]
F17:[98,18,130,66,43,24,13,108]
F18:[100,18,128,182,60,19,9,100]
F19:[98,16,126,42,10,1,12,105]
F20:[122,17,126,80,57,35,5,109]
F21:[141,16,126,158,8,27,5,106]
F22:[140,16,124,26,19,8,3,104]
F23:[140,15,130,178,51,30,9,111]
F24:[141,16,126,74,9,30,11,105]
F25:[145,15,126,226,47,31,3,96]
F26:[144,15,132,194,58,26,5,109]
F27:[148,16,124,4,9,15,2,102]
F28:[151,14,128,60,41,2,5,109]
F29:[153,16,124,32,20,2,12,102]
F30:[152,17,126,38,50,26,15,110]
F31:[138,15,128,40,43,31,1,108]
F32:[140,15,126,64,39,15,14,109]
F33:[124,32,126,24,6,33,3,110]
F34:[141,15,128,126,28,3,11,107]
F35:[140,15,124,26,62,30,6,107]
F36:[149,16,128,182,42,21,11,109]
F37:[147,16,130,96,57,33,13,107]
F38:[149,24,130,122,9,10,16,106]
F39:[154,15,124,210,63,19,2,107]
=== SAMPLE 14 STOP ===
