=== SAMPLE 2 (On) START ===
F0:[184,21,128,40,50,198,199,178,135]
F1:[184,21,128,144,37,214,180,174,128]
F2:[181,16,126,10,75,229,180,173,125]
F3:[173,25,126,48,75,198,197,179,120]
F4:[170,23,128,8,62,198,199,173,125]
F5:[123,49,126,38,11,219,204,178,81]
F6:[116,73,126,32,62,204,201,174,121]
F7:[114,70,126,138,37,214,199,171,126]
F8:[107,68,128,104,37,219,191,176,121]
F9:[116,64,128,144,50,219,195,177,137]
F10:[162,44,126,50,75,219,193,174,174]
F11:[180,15,126,24,62,214,197,170,146]
F12:[182,23,126,28,62,224,206,172,130]
F13:[174,17,128,74,50,224,189,178,120]
F14:[168,25,128,40,11,229,199,173,122]
F15:[136,48,126,14,50,224,193,174,96]
F16:[119,62,128,14,37,219,195,174,111]
F17:[108,69,128,64,24,224,193,177,117]
F18:[118,68,128,118,62,234,178,176,138]
F19:[105,65,128,100,62,224,184,177,115]
F20:[157,58,128,62,50,209,197,175,180]
F21:[197,47,126,18,62,239,199,172,168]
F22:[194,35,128,84,75,209,178,175,125]
F23:[188,41,126,30,75,229,201,176,122]
F24:[188,35,126,182,37,224,187,171,128]
F25:[191,69,128,40,50,219,199,173,131]
F26:[195,78,126,4,88,244,201,177,132]
F27:[196,58,128,22,50,219,197,179,129]
F28:[189,87,128,138,62,183,191,175,121]
F29:[187,51,128,66,50,209,182,177,126]
F30:[190,64,128,142,75,209,195,175,131]
F31:[197,35,126,56,75,214,184,173,135]
F32:[196,41,126,16,37,239,199,177,127]
F33:[189,41,128,6,75,204,184,175,121]
F34:[187,34,126,170,50,214,201,177,126]
F35:[189,74,128,20,75,219,197,177,130]
F36:[197,51,126,12,62,239,189,175,136]
F37:[195,87,126,50,62,229,199,173,126]
F38:[191,52,126,6,88,219,197,174,124]
F39:[187,89,128,82,37,234,193,177,124]
=== SAMPLE 2 STOP ===
