=== SAMPLE 21 START ===
F0:[61,55,130,236,18,33,11,103]
F1:[61,54,126,126,49,1,15,107]
F2:[72,45,124,246,42,23,5,103]
F3:[80,41,128,154,1,8,3,104]
F4:[94,33,122,80,4,6,9,107]
F5:[100,29,126,122,7,9,15,103]
F6:[92,29,126,6,62,9,16,108]
F7:[145,37,128,216,30,26,11,107]
F8:[102,16,126,38,54,11,0,107]
F9:[102,16,126,62,12,1,8,105]
F10:[74,47,126,170,53,30,12,108]
F11:[94,61,130,86,57,4,7,115]
F12:[65,50,130,184,32,25,16,98]
F13:[96,33,132,90,41,36,9,100]
F14:[95,53,128,156,63,22,0,104]
F15:[83,33,126,90,1,30,7,107]
F16:[94,28,128,228,41,11,13,107]
F17:[92,29,130,76,27,20,11,108]
F18:[95,35,130,42,38,25,9,107]
F19:[102,29,130,200,29,1,0,111]
F20:[121,19,126,108,18,8,6,107]
F21:[130,25,124,92,10,29,7,109]
F22:[129,24,124,38,47,8,16,108]
F23:[134,29,130,136,42,32,4,107]
F24:[145,30,126,92,38,30,5,109]
F25:[143,25,130,56,57,8,5,96]
F26:[145,23,128,230,51,3,11,109]
F27:[140,25,130,74,42,14,16,106]
F28:[149,25,124,240,10,21,17,109]
F29:[150,24,126,54,34,36,4,99]
F30:[130,20,128,30,32,22,9,109]
F31:[132,38,126,228,45,30,3,111]
F32:[131,20,130,150,46,25,4,105]
F33:[142,32,128,42,41,6,1,110]
F34:[137,26,128,96,10,8,13,97]
F35:[143,24,130,190,34,7,1,112]
F36:[146,20,128,248,38,22,6,111]
F37:[144,21,124,32,35,10,6,109]
F38:[132,39,126,224,46,35,14,102]
F39:[151,23,130,122,43,8,16,104]
=== SAMPLE 21 STOP ===
