=== SAMPLE 9 START ===
F0:[82,67,126,246,39,10,1,105]
F1:[83,68,122,148,4,34,16,101]
F2:[88,49,122,142,9,34,13,104]
F3:[99,26,126,10,59,9,8,102]
F4:[103,26,128,162,27,34,11,106]
F5:[106,15,126,230,53,7,9,104]
F6:[112,16,128,160,46,31,2,107]
F7:[109,27,126,14,44,10,16,99]
F8:[87,19,128,108,12,5,9,101]
F9:[95,19,122,88,40,29,11,100]
F10:[84,55,130,26,31,26,8,108]
F11:[80,65,130,168,22,8,7,106]
F12:[86,63,130,170,43,34,16,105]
F13:[104,24,124,18,47,14,6,97]
F14:[99,26,124,140,61,7,4,108]
F15:[103,16,126,38,43,14,6,106]
F16:[107,15,128,242,55,16,8,107]
F17:[108,18,128,76,29,4,14,116]
F18:[96,19,132,58,52,33,3,111]
F19:[91,20,128,250,59,23,7,106]
F20:[110,16,124,92,6,4,5,98]
F21:[136,15,130,218,21,24,4,105]
F22:[134,15,128,64,60,17,0,105]
F23:[132,55,130,58,45,28,16,107]
F24:[163,15,128,244,25,7,15,100]
F25:[173,10,132,106,31,24,5,103]
F26:[190,5,124,56,5,17,15,107]
F27:[188,3,126,38,32,26,3,104]
F28:[192,11,126,178,52,18,8,107]
F29:[190,12,126,142,44,21,13,108]
F30:[175,11,120,212,21,31,4,99]
F31:[133,15,126,60,37,18,5,108]
F32:[134,15,128,114,63,2,4,112]
F33:[155,15,128,140,57,36,8,110]
F34:[161,15,126,164,52,33,7,109]
F35:[170,15,126,106,57,0,3,114]
F36:[189,3,128,112,29,10,6,105]
F37:[190,3,122,104,3,34,16,100]
F38:[168,51,130,116,32,15,4,106]
F39:[190,10,128,4,16,15,11,109]
=== SAMPLE 9 STOP ===
