=== SAMPLE 6 (On2) START ===
F0:[194,69,126,64,62,204,191,175,139]
F1:[165,124,126,78,75,224,191,173,99]
F2:[173,75,126,22,75,229,193,173,136]
F3:[186,71,126,142,75,219,195,177,141]
F4:[158,97,126,12,50,234,193,170,100]
F5:[136,100,128,96,62,214,197,175,106]
F6:[108,83,126,6,88,193,197,175,100]
F7:[106,85,126,64,50,229,191,175,126]
F8:[140,103,126,42,37,204,208,178,162]
F9:[101,92,128,24,50,214,195,174,89]
F10:[175,67,126,58,75,224,184,173,202]
F11:[166,97,126,6,88,229,189,175,119]
F12:[175,82,128,82,62,198,197,176,137]
F13:[185,53,128,250,62,214,191,171,138]
F14:[161,105,126,4,88,229,191,174,104]
F15:[138,94,126,60,24,224,182,173,105]
F16:[98,89,126,48,62,214,197,176,88]
F17:[106,84,128,32,75,219,199,175,136]
F18:[131,106,128,122,50,209,195,175,153]
F19:[94,82,126,4,88,214,182,177,91]
F20:[141,48,124,8,75,229,212,169,175]
F21:[171,34,126,44,62,224,206,172,158]
F22:[170,52,126,30,75,219,204,173,127]
F23:[167,14,128,90,50,224,201,178,125]
F24:[173,16,128,4,88,224,180,175,134]
F25:[172,41,126,26,75,204,197,171,127]
F26:[187,30,126,50,37,219,206,171,143]
F27:[184,38,128,32,24,224,204,179,125]
F28:[179,21,128,66,62,198,191,176,123]
F29:[183,29,128,32,75,214,204,180,132]
F30:[174,25,128,184,75,219,189,176,119]
F31:[166,34,126,14,24,234,184,174,120]
F32:[171,74,126,42,62,214,199,174,133]
F33:[171,16,128,204,62,214,182,172,128]
F34:[173,29,128,156,62,209,189,174,130]
F35:[169,42,126,4,88,219,204,175,124]
F36:[184,42,128,144,37,188,195,175,143]
F37:[187,29,128,52,37,224,201,175,131]
F38:[182,33,126,54,50,198,195,174,123]
F39:[182,28,128,102,50,214,189,175,128]
=== SAMPLE 6 STOP ===
