=== SAMPLE 5 (On2) START ===
F0:[102,68,126,32,62,224,204,177,42]
F1:[130,99,128,92,50,219,195,178,156]
F2:[91,70,126,14,37,239,206,179,89]
F3:[96,55,128,12,37,224,189,175,133]
F4:[124,90,128,30,37,214,201,178,156]
F5:[143,55,128,24,24,214,204,173,147]
F6:[158,34,126,16,62,229,197,179,143]
F7:[149,58,126,22,62,219,208,173,119]
F8:[153,52,128,20,37,209,187,175,132]
F9:[160,28,128,58,75,209,195,175,135]
F10:[123,55,126,12,75,234,201,173,91]
F11:[123,89,128,82,37,204,189,172,128]
F12:[99,79,126,32,62,224,201,174,104]
F13:[95,63,128,118,75,219,193,172,124]
F14:[117,78,128,42,37,224,193,171,150]
F15:[140,92,126,10,50,224,195,171,151]
F16:[156,30,128,58,75,214,187,177,144]
F17:[153,51,128,236,37,209,199,175,125]
F18:[148,57,128,52,50,224,199,175,123]
F19:[159,42,128,216,50,204,189,172,139]
F20:[176,46,126,22,24,229,208,170,145]
F21:[190,94,126,24,37,234,197,174,142]
F22:[189,34,126,48,37,224,197,175,127]
F23:[187,51,128,10,75,224,182,172,126]
F24:[188,76,126,34,50,229,208,173,129]
F25:[187,52,126,126,75,224,197,171,127]
F26:[193,15,126,92,24,214,195,177,134]
F27:[191,6,128,26,62,193,201,177,126]
F28:[188,8,126,180,62,209,206,173,125]
F29:[182,8,126,40,62,224,199,175,122]
F30:[186,28,126,22,62,214,199,175,132]
F31:[188,57,126,48,88,229,208,173,130]
F32:[192,52,128,14,50,229,201,175,132]
F33:[189,47,128,48,37,219,206,178,125]
F34:[187,67,128,232,62,198,187,173,126]
F35:[187,53,130,72,50,193,191,181,128]
F36:[194,7,126,44,255,224,195,171,135]
F37:[190,8,128,86,50,209,191,174,124]
F38:[188,14,128,176,62,219,193,174,126]
F39:[183,15,128,36,62,214,201,177,123]
=== SAMPLE 5 STOP ===
