=== SAMPLE 27 START ===
F0:[81,38,126,92,24,7,10,108]
F1:[79,45,126,62,4,4,7,111]
F2:[69,40,122,50,59,35,15,108]
F3:[59,37,130,104,23,27,14,111]
F4:[61,47,126,182,46,34,9,104]
F5:[84,21,128,106,56,21,15,104]
F6:[94,22,132,190,17,0,13,107]
F7:[92,49,128,232,56,32,4,108]
F8:[114,16,128,120,49,27,16,108]
F9:[114,17,128,88,20,20,0,104]
F10:[85,36,128,64,7,2,1,105]
F11:[80,42,126,138,64,29,9,105]
F12:[75,40,128,198,14,2,10,102]
F13:[59,40,128,160,10,8,4,101]
F14:[60,42,130,184,27,1,14,113]
F15:[79,27,126,82,28,28,3,105]
F16:[91,22,128,4,20,0,10,113]
F17:[97,22,128,244,52,25,8,109]
F18:[113,17,128,92,18,31,3,115]
F19:[111,16,126,216,55,9,7,100]
F20:[117,15,126,42,6,31,0,102]
F21:[126,16,130,210,19,9,10,107]
F22:[125,15,124,172,35,24,6,109]
F23:[129,46,126,214,48,13,8,107]
F24:[134,16,128,172,47,4,6,99]
F25:[135,15,128,210,11,9,0,112]
F26:[142,15,128,84,33,36,14,111]
F27:[142,15,130,166,36,33,9,110]
F28:[150,17,124,186,53,2,14,105]
F29:[152,15,130,180,9,2,0,106]
F30:[143,17,128,186,42,22,16,103]
F31:[125,15,126,54,46,29,8,108]
F32:[126,15,126,188,36,28,6,109]
F33:[131,19,124,82,59,30,13,105]
F34:[131,15,122,208,26,24,13,98]
F35:[135,15,128,76,55,27,11,116]
F36:[142,15,124,136,27,11,5,104]
F37:[141,16,126,190,32,11,3,105]
F38:[149,20,126,20,30,7,13,99]
F39:[150,15,126,66,36,32,8,105]
=== SAMPLE 27 STOP ===
