=== SAMPLE 1 START ===
F0:[100,0,130,190,13,8,8,107]
F1:[100,0,126,34,35,36,0,108]
F2:[108,2,128,60,51,7,12,100]
F3:[121,5,126,66,46,22,0,102]
F4:[143,0,128,34,42,0,1,108]
F5:[73,38,130,96,13,1,3,99]
F6:[56,48,126,210,55,11,8,106]
F7:[146,33,126,50,7,24,8,105]
F8:[55,90,126,192,62,7,14,100]
F9:[54,81,128,240,1,19,15,112]
F10:[87,18,130,120,22,25,8,110]
F11:[168,35,130,190,57,32,0,105]
F12:[106,0,126,78,44,35,14,107]
F13:[143,0,128,158,44,18,15,105]
F14:[135,5,124,196,52,0,9,105]
F15:[83,28,124,70,31,24,1,104]
F16:[62,42,124,66,46,23,7,104]
F17:[57,52,126,232,5,7,0,101]
F18:[52,91,124,66,58,11,16,105]
F19:[53,76,126,30,57,22,8,110]
F20:[88,45,130,238,0,29,14,103]
F21:[127,15,128,92,40,18,11,109]
F22:[132,17,128,244,1,16,4,97]
F23:[128,25,126,30,29,12,2,105]
F24:[120,21,128,184,53,9,0,106]
F25:[118,23,128,18,58,22,8,104]
F26:[109,17,126,210,19,35,15,114]
F27:[119,19,126,180,44,29,3,107]
F28:[115,8,128,20,9,16,13,100]
F29:[123,12,130,228,39,20,13,112]
F30:[119,18,126,170,26,12,10,105]
F31:[132,17,124,36,64,21,16,105]
F32:[128,15,128,82,58,34,3,110]
F33:[121,20,128,22,58,3,11,103]
F34:[123,21,130,42,62,34,16,107]
F35:[119,28,126,192,47,15,1,111]
F36:[112,17,126,242,53,8,16,101]
F37:[107,14,124,20,51,22,14,111]
F38:[136,36,126,4,15,0,6,106]
F39:[122,10,132,44,10,15,3,106]
=== SAMPLE 1 STOP ===
