=== SAMPLE 20 START ===
F0:[172,43,126,244,31,16,13,107]
F1:[165,44,130,48,21,0,11,106]
F2:[124,45,124,206,43,19,10,109]
F3:[55,62,126,120,44,9,16,111]
F4:[57,53,128,190,13,30,0,108]
F5:[86,31,126,194,42,15,16,106]
F6:[99,30,128,112,40,27,8,107]
F7:[98,29,124,236,45,19,12,101]
F8:[97,24,130,170,49,28,1,108]
F9:[101,28,124,6,15,28,1,105]
F10:[149,39,124,240,11,32,10,107]
F11:[170,39,132,90,26,22,10,114]
F12:[154,48,126,184,1,19,1,102]
F13:[56,53,130,12,35,18,8,105]
F14:[57,58,126,96,34,4,13,103]
F15:[81,39,130,162,33,3,3,107]
F16:[97,31,130,216,8,1,2,114]
F17:[97,29,130,186,61,24,13,108]
F18:[104,29,126,18,31,8,0,107]
F19:[98,24,128,118,34,31,1,105]
F20:[109,19,126,42,30,29,2,106]
F21:[127,16,124,84,13,0,14,101]
F22:[125,15,124,76,20,33,12,98]
F23:[134,17,128,194,8,29,0,106]
F24:[134,16,124,150,57,36,7,106]
F25:[133,15,126,204,60,21,10,107]
F26:[134,15,128,92,26,35,11,108]
F27:[134,16,126,92,49,36,16,105]
F28:[134,39,128,8,21,14,3,104]
F29:[140,15,126,4,59,15,3,108]
F30:[135,17,126,42,33,8,1,106]
F31:[126,15,126,118,6,33,16,108]
F32:[126,15,130,76,15,9,10,109]
F33:[124,42,130,96,34,24,13,105]
F34:[132,15,124,102,50,18,6,115]
F35:[134,15,126,220,53,35,16,100]
F36:[133,15,130,138,11,19,11,107]
F37:[135,16,128,174,14,11,12,111]
F38:[139,16,124,196,58,12,1,105]
F39:[138,15,130,200,19,16,14,104]
=== SAMPLE 20 STOP ===
