=== SAMPLE 8 (On2) START ===
F0:[89,80,126,110,50,229,197,171,30]
F1:[124,73,126,14,50,204,184,174,163]
F2:[110,85,128,10,50,234,195,176,114]
F3:[88,84,126,96,50,234,204,175,106]
F4:[117,85,128,6,88,214,191,175,157]
F5:[147,80,126,178,75,209,189,173,158]
F6:[137,38,126,74,37,214,206,173,118]
F7:[133,38,126,112,62,224,191,175,124]
F8:[138,69,128,74,24,214,193,175,133]
F9:[134,52,128,120,62,204,184,173,124]
F10:[102,70,126,40,75,219,193,175,96]
F11:[114,84,128,86,24,173,197,174,140]
F12:[120,78,128,188,24,193,189,175,134]
F13:[83,85,126,34,75,234,199,172,91]
F14:[109,85,126,6,88,229,197,173,154]
F15:[140,76,126,104,88,224,193,172,159]
F16:[134,37,126,76,37,224,182,173,122]
F17:[135,32,126,8,88,224,197,174,129]
F18:[138,93,126,22,88,229,193,174,131]
F19:[132,49,126,50,24,204,208,176,122]
F20:[169,26,128,52,50,209,199,179,165]
F21:[191,69,128,50,62,224,184,175,150]
F22:[187,57,126,22,50,234,195,177,124]
F23:[184,33,128,82,75,214,187,173,125]
F24:[186,28,126,56,50,224,193,174,130]
F25:[186,65,126,62,37,224,201,179,128]
F26:[192,29,126,30,50,224,204,173,134]
F27:[193,34,126,16,50,234,204,172,129]
F28:[190,53,128,44,62,188,201,178,125]
F29:[186,47,128,52,37,209,195,173,124]
F30:[188,25,126,84,24,229,195,174,130]
F31:[193,49,126,54,62,219,191,171,133]
F32:[185,75,128,28,62,209,191,181,120]
F33:[186,35,128,42,75,219,206,179,129]
F34:[184,47,126,30,75,229,195,173,126]
F35:[185,51,126,20,50,214,195,173,129]
F36:[194,32,128,178,50,214,189,171,137]
F37:[194,30,128,136,62,204,195,175,128]
F38:[189,74,126,30,75,204,199,174,123]
F39:[186,60,128,62,62,219,189,179,125]
=== SAMPLE 8 STOP ===
