=== SAMPLE 28 START ===
F0:[69,61,124,66,40,9,7,112]
F1:[70,65,126,68,17,26,1,99]
F2:[68,56,126,240,26,9,0,103]
F3:[57,44,126,70,14,7,14,109]
F4:[58,45,126,184,25,11,13,111]
F5:[83,32,132,240,19,27,4,111]
F6:[86,28,130,182,38,13,15,107]
F7:[100,27,124,18,34,28,16,102]
F8:[104,44,124,40,51,31,11,104]
F9:[110,15,130,236,47,33,10,104]
F10:[80,51,124,102,42,13,8,105]
F11:[75,64,124,164,24,36,13,109]
F12:[110,70,128,244,53,33,15,110]
F13:[58,46,128,134,8,2,0,100]
F14:[59,46,128,54,33,23,16,99]
F15:[74,29,128,128,30,30,13,112]
F16:[97,28,130,12,20,31,6,107]
F17:[89,25,126,130,46,14,3,103]
F18:[115,18,128,156,59,14,5,106]
F19:[113,16,128,46,56,23,1,114]
F20:[121,32,126,214,57,4,14,105]
F21:[136,16,128,238,1,12,6,101]
F22:[135,15,130,98,50,34,2,109]
F23:[138,16,130,214,13,5,8,109]
F24:[140,16,122,218,53,12,10,105]
F25:[141,15,126,212,14,4,11,105]
F26:[146,16,132,194,15,35,6,103]
F27:[144,15,130,10,48,34,8,105]
F28:[146,21,126,18,31,2,14,98]
F29:[147,16,126,66,60,8,4,106]
F30:[143,16,126,10,40,23,11,110]
F31:[134,15,124,56,53,27,7,105]
F32:[135,15,126,20,50,11,14,104]
F33:[139,19,126,36,35,28,6,105]
F34:[139,15,130,198,21,2,9,108]
F35:[140,15,130,142,38,13,2,99]
F36:[143,15,132,122,14,17,8,111]
F37:[146,17,128,226,46,16,4,107]
F38:[146,15,128,244,39,17,10,105]
F39:[146,15,128,40,37,21,10,103]
=== SAMPLE 28 STOP ===
