=== SAMPLE 16 START ===
F0:[172,15,128,228,42,35,4,105]
F1:[168,16,130,90,7,31,14,110]
F2:[127,29,124,162,45,1,1,106]
F3:[56,46,130,170,46,9,1,110]
F4:[56,50,126,204,54,7,17,103]
F5:[65,54,126,114,38,12,9,109]
F6:[67,66,128,114,40,1,17,112]
F7:[76,48,128,150,45,31,13,118]
F8:[87,22,128,242,15,12,16,106]
F9:[88,24,126,220,40,23,5,107]
F10:[151,15,128,70,40,30,13,104]
F11:[170,15,126,6,28,19,15,106]
F12:[149,22,126,192,28,19,3,105]
F13:[56,49,126,114,52,25,11,106]
F14:[57,48,128,170,11,21,16,107]
F15:[63,55,130,204,48,3,1,106]
F16:[69,61,128,182,1,27,3,110]
F17:[72,57,126,176,49,2,7,104]
F18:[92,25,126,176,11,28,5,103]
F19:[88,24,128,224,13,33,3,104]
F20:[106,16,130,212,13,17,15,107]
F21:[124,11,126,26,17,32,10,109]
F22:[123,12,130,196,12,6,4,103]
F23:[134,16,126,186,11,22,13,102]
F24:[138,15,126,126,59,3,0,108]
F25:[147,20,122,14,50,33,4,110]
F26:[156,23,126,10,37,34,10,96]
F27:[159,24,126,104,32,27,8,110]
F28:[166,11,126,164,34,24,0,105]
F29:[167,8,128,36,12,34,12,104]
F30:[155,7,132,200,18,15,16,107]
F31:[124,12,128,150,2,5,5,108]
F32:[124,12,126,226,60,2,5,107]
F33:[118,33,128,162,4,22,9,112]
F34:[137,15,128,148,42,29,4,112]
F35:[139,17,128,212,8,17,8,102]
F36:[159,23,126,188,7,6,11,108]
F37:[160,24,130,248,37,14,16,111]
F38:[162,23,124,48,41,26,10,104]
F39:[168,7,126,60,46,8,3,106]
=== SAMPLE 16 STOP ===
