=== SAMPLE 0 (On2) START ===
F0:[122,95,126,34,62,209,214,178,67]
F1:[100,51,126,190,75,229,204,177,106]
F2:[102,63,126,18,75,229,197,175,130]
F3:[125,93,126,78,37,229,197,174,151]
F4:[101,44,128,52,50,209,191,177,104]
F5:[157,34,128,32,37,178,204,177,184]
F6:[144,96,128,126,62,224,187,177,115]
F7:[147,96,128,32,37,214,201,174,131]
F8:[164,25,128,68,62,224,189,174,145]
F9:[163,44,126,50,88,198,199,173,127]
F10:[132,87,126,156,75,209,193,169,97]
F11:[92,41,124,44,62,234,199,174,88]
F12:[103,55,126,126,62,209,199,169,139]
F13:[121,87,126,12,75,229,195,177,146]
F14:[90,48,128,246,75,219,199,171,97]
F15:[141,37,128,32,75,214,195,173,179]
F16:[138,119,128,58,50,214,193,179,125]
F17:[150,78,128,164,24,209,191,172,140]
F18:[162,37,126,18,24,244,193,174,140]
F19:[172,25,128,32,62,204,199,173,138]
F20:[175,56,124,12,37,244,210,171,131]
F21:[192,10,126,18,62,239,201,178,145]
F22:[191,6,128,14,24,239,189,176,127]
F23:[190,73,126,6,88,204,201,177,127]
F24:[185,42,128,36,62,204,193,176,123]
F25:[185,6,128,182,50,209,176,176,128]
F26:[195,46,126,70,50,224,193,174,138]
F27:[195,76,126,64,37,224,176,171,128]
F28:[184,12,128,158,62,219,187,174,117]
F29:[185,47,126,52,75,219,206,175,129]
F30:[189,73,126,48,75,214,199,178,132]
F31:[192,5,128,26,37,209,199,175,131]
F32:[192,11,126,68,50,229,199,178,128]
F33:[188,89,128,100,50,204,197,178,124]
F34:[185,32,126,6,88,224,197,176,125]
F35:[182,5,128,46,11,214,204,175,125]
F36:[194,49,128,120,255,214,201,178,140]
F37:[194,76,126,224,50,229,182,172,128]
F38:[187,15,128,32,37,209,195,171,121]
F39:[184,37,126,76,50,214,199,173,125]
=== SAMPLE 0 STOP ===
