=== SAMPLE 25 START ===
F0:[145,0,128,166,51,28,16,107]
F1:[145,0,124,34,1,0,9,103]
F2:[111,21,122,50,24,23,16,102]
F3:[67,57,130,34,55,4,1,108]
F4:[69,54,124,96,58,32,11,100]
F5:[58,40,126,68,31,30,11,106]
F6:[58,28,122,144,19,34,8,102]
F7:[70,33,126,234,39,1,2,104]
F8:[98,22,128,220,30,26,13,109]
F9:[93,21,126,180,48,6,4,103]
F10:[135,5,128,204,25,17,12,104]
F11:[144,0,128,138,3,30,12,105]
F12:[130,6,128,142,30,20,2,112]
F13:[70,55,124,216,50,15,5,98]
F14:[68,57,124,48,48,4,2,103]
F15:[60,42,122,10,62,8,4,107]
F16:[57,33,124,56,56,24,8,107]
F17:[63,28,128,82,44,26,2,112]
F18:[91,20,128,232,0,13,7,105]
F19:[97,22,128,190,27,6,2,105]
F20:[112,22,126,224,39,2,15,106]
F21:[124,24,128,218,48,30,11,104]
F22:[123,24,128,110,60,18,7,101]
F23:[120,25,126,30,52,30,15,102]
F24:[124,24,130,240,39,28,5,108]
F25:[124,21,126,114,14,35,16,107]
F26:[134,24,124,64,13,32,8,109]
F27:[132,23,130,70,43,4,14,104]
F28:[129,47,128,194,33,5,0,108]
F29:[136,24,122,24,47,25,7,100]
F30:[132,24,126,108,30,31,15,105]
F31:[120,23,126,236,58,28,9,106]
F32:[122,23,124,206,2,6,6,108]
F33:[122,24,126,154,47,10,8,103]
F34:[124,23,126,114,60,33,0,105]
F35:[126,23,130,224,9,26,0,105]
F36:[132,24,126,156,36,10,13,100]
F37:[129,23,126,120,60,16,0,106]
F38:[135,25,128,202,50,36,2,104]
F39:[133,23,128,94,43,8,0,110]
=== SAMPLE 25 STOP ===
