=== SAMPLE 3 START ===
F0:[14,0,124,128,44,6,14,100]
F1:[22,6,128,124,42,30,11,106]
F2:[29,2,130,146,23,22,2,107]
F3:[61,0,124,208,25,1,14,108]
F4:[60,0,124,104,41,9,15,108]
F5:[117,7,124,32,10,2,6,101]
F6:[110,0,126,60,59,26,2,109]
F7:[119,0,126,6,14,10,8,107]
F8:[140,0,128,142,29,10,13,112]
F9:[140,10,128,94,14,20,5,110]
F10:[41,0,128,122,22,9,16,110]
F11:[14,0,128,156,48,5,14,103]
F12:[24,0,124,104,60,19,11,107]
F13:[82,25,126,16,21,7,5,101]
F14:[64,5,132,156,29,8,2,108]
F15:[92,0,128,76,43,24,8,106]
F16:[109,0,126,72,19,1,8,107]
F17:[113,0,128,250,34,8,7,112]
F18:[138,5,126,152,43,20,6,104]
F19:[139,0,128,124,45,8,8,112]
F20:[122,14,126,92,56,11,4,105]
F21:[118,45,126,80,33,10,0,104]
F22:[114,24,128,212,4,17,14,105]
F23:[120,19,128,226,27,6,2,108]
F24:[121,20,122,14,63,16,7,105]
F25:[111,42,124,152,32,18,15,103]
F26:[134,19,128,124,32,28,0,101]
F27:[130,20,128,132,44,32,14,112]
F28:[142,24,130,250,20,7,1,108]
F29:[140,28,128,48,35,25,16,109]
F30:[131,20,128,102,24,16,13,108]
F31:[113,24,132,180,28,18,9,107]
F32:[110,30,130,230,33,30,8,108]
F33:[105,51,128,30,7,2,4,108]
F34:[122,19,126,236,5,8,2,105]
F35:[121,23,128,120,28,14,14,108]
F36:[130,20,130,164,35,4,5,106]
F37:[123,50,124,140,6,31,0,114]
F38:[138,15,128,146,42,0,10,110]
F39:[142,10,126,116,53,33,12,101]
=== SAMPLE 3 STOP ===
