=== SAMPLE 3 (On2) START ===
F0:[119,66,126,6,88,229,195,172,65]
F1:[114,89,126,70,75,229,193,175,123]
F2:[94,50,128,52,50,224,191,171,108]
F3:[101,42,126,70,62,219,191,175,135]
F4:[118,67,126,48,75,229,184,176,145]
F5:[155,26,128,10,75,224,193,179,165]
F6:[163,38,128,128,37,229,199,179,136]
F7:[163,65,126,24,50,214,204,172,128]
F8:[164,58,128,108,37,209,189,173,129]
F9:[171,24,128,64,37,219,176,171,135]
F10:[119,57,126,114,62,219,199,176,76]
F11:[124,67,126,12,62,239,199,173,133]
F12:[95,35,126,82,62,224,193,173,99]
F13:[112,62,126,32,62,234,195,171,145]
F14:[114,61,126,78,50,209,201,176,130]
F15:[144,42,128,104,50,209,191,172,158]
F16:[167,26,126,40,50,219,199,180,151]
F17:[162,58,128,160,24,229,195,178,123]
F18:[163,70,124,10,62,239,212,174,129]
F19:[167,38,126,36,62,219,199,172,132]
F20:[180,51,130,244,255,214,182,170,141]
F21:[194,78,126,8,75,229,201,180,142]
F22:[195,33,126,14,75,229,204,175,129]
F23:[184,16,128,112,24,219,189,176,117]
F24:[187,80,126,44,50,219,204,174,131]
F25:[188,20,126,66,62,214,193,178,129]
F26:[192,33,124,4,88,214,208,174,132]
F27:[189,32,128,98,62,219,182,178,125]
F28:[184,35,126,4,88,219,204,175,123]
F29:[181,19,126,84,62,219,195,175,125]
F30:[187,44,128,36,37,224,193,176,134]
F31:[194,82,126,18,62,229,195,173,135]
F32:[195,15,126,32,62,219,206,175,129]
F33:[186,29,128,4,101,214,189,176,119]
F34:[187,75,126,68,88,214,199,178,129]
F35:[185,17,128,40,62,214,201,173,126]
F36:[192,15,126,26,62,209,206,175,135]
F37:[189,44,128,4,101,214,170,175,125]
F38:[186,49,126,64,62,198,199,175,125]
F39:[180,19,126,50,50,219,197,171,122]
=== SAMPLE 3 STOP ===
