=== SAMPLE 24 START ===
F0:[116,27,124,244,53,32,14,99]
F1:[113,30,128,126,31,24,9,109]
F2:[91,33,126,120,36,16,16,103]
F3:[72,41,126,8,51,1,4,101]
F4:[73,39,130,198,44,34,9,111]
F5:[100,18,128,30,53,8,8,109]
F6:[105,16,122,22,58,19,9,103]
F7:[101,17,126,192,59,36,6,103]
F8:[100,20,124,58,19,16,12,101]
F9:[103,19,130,198,24,0,13,102]
F10:[115,27,128,94,53,16,11,115]
F11:[112,27,126,94,56,23,16,109]
F12:[103,30,126,16,33,20,5,108]
F13:[73,39,130,56,31,18,6,111]
F14:[70,42,130,214,53,4,2,109]
F15:[96,22,128,250,2,29,6,115]
F16:[105,16,128,194,7,16,0,103]
F17:[100,22,130,30,23,35,13,105]
F18:[100,18,132,172,55,15,11,112]
F19:[100,20,132,210,43,36,1,111]
F20:[117,23,132,152,40,6,14,115]
F21:[121,24,126,204,6,13,0,105]
F22:[123,23,126,206,31,25,6,101]
F23:[132,23,130,52,37,3,7,108]
F24:[131,24,130,200,17,2,13,108]
F25:[135,25,128,78,40,8,11,113]
F26:[142,24,126,152,27,8,15,109]
F27:[137,23,126,108,42,15,10,109]
F28:[146,24,126,120,24,4,17,115]
F29:[144,24,124,108,1,19,9,104]
F30:[137,23,132,208,38,19,6,107]
F31:[123,23,126,208,24,22,14,102]
F32:[120,23,128,170,53,35,13,104]
F33:[130,26,122,30,57,28,2,100]
F34:[130,23,128,144,37,2,12,110]
F35:[133,25,132,168,35,24,0,111]
F36:[138,23,124,74,1,11,6,105]
F37:[142,25,126,4,15,16,7,106]
F38:[142,23,126,8,4,10,11,107]
F39:[148,24,126,112,41,32,2,108]
=== SAMPLE 24 STOP ===
