=== SAMPLE 12 (Fire) START ===
F0:[115,46,126,96,8,32,5,109]
F1:[93,46,128,98,45,2,9,108]
F2:[81,55,130,102,33,26,0,106]
F3:[114,66,128,212,55,26,8,111]
F4:[73,60,128,40,5,0,3,110]
F5:[80,57,126,110,18,8,9,109]
F6:[87,54,132,204,11,27,12,105]
F7:[79,57,128,88,41,9,11,105]
F8:[74,40,128,38,5,24,10,105]
F9:[71,45,124,120,43,20,7,105]
F10:[88,47,126,56,54,0,11,114]
F11:[102,52,126,166,36,15,5,103]
F12:[97,47,126,186,49,7,7,111]
F13:[65,57,126,126,9,9,14,105]
F14:[65,58,126,216,28,4,3,102]
F15:[83,61,128,116,3,5,3,110]
F16:[83,58,126,94,55,16,8,110]
F17:[87,53,126,8,4,9,6,101]
F18:[68,44,124,90,58,23,4,104]
F19:[83,52,128,32,38,23,0,106]
F20:[108,27,122,136,64,1,3,102]
F21:[157,17,132,110,28,11,2,105]
F22:[156,15,126,224,27,33,9,105]
F23:[157,15,126,100,25,8,5,109]
F24:[167,17,126,60,42,4,15,108]
F25:[179,28,126,20,0,27,10,107]
F26:[193,28,122,62,42,7,10,104]
F27:[194,35,128,96,32,8,10,108]
F28:[192,21,128,88,33,28,11,99]
F29:[190,20,126,84,6,11,17,106]
F30:[179,26,128,148,30,16,0,106]
F31:[171,20,128,16,5,15,2,105]
F32:[155,15,128,102,46,21,15,104]
F33:[164,15,120,114,64,5,15,105]
F34:[168,15,130,16,46,33,4,105]
F35:[163,21,130,210,39,29,3,113]
F36:[195,41,126,178,26,2,2,98]
F37:[194,34,128,62,16,26,12,105]
F38:[181,34,126,26,44,9,14,107]
F39:[174,37,130,66,0,31,10,102]
=== SAMPLE 12 STOP ===
