=== SAMPLE 6 (Fire) START ===
F0:[66,50,130,24,29,33,10,106]
F1:[64,52,124,144,8,27,13,105]
F2:[59,54,126,90,5,8,7,103]
F3:[61,50,124,16,26,30,0,101]
F4:[56,43,130,212,42,13,5,113]
F5:[82,51,124,96,45,12,15,100]
F6:[80,40,126,156,23,0,3,99]
F7:[87,55,130,64,7,2,11,110]
F8:[100,47,128,230,30,24,0,99]
F9:[92,37,126,236,34,31,12,105]
F10:[75,45,126,212,64,31,6,109]
F11:[66,48,124,36,22,30,0,92]
F12:[126,45,128,54,29,27,5,108]
F13:[58,46,130,56,8,13,2,105]
F14:[58,59,126,150,6,9,7,111]
F15:[74,43,128,108,56,26,7,105]
F16:[139,36,126,158,37,1,2,100]
F17:[76,41,126,152,15,33,7,101]
F18:[93,39,128,196,0,16,2,103]
F19:[93,36,128,50,25,20,13,107]
F20:[141,24,124,38,54,23,8,109]
F21:[187,10,124,100,58,16,4,97]
F22:[189,12,126,220,33,10,2,102]
F23:[191,34,126,236,48,36,10,102]
F24:[192,35,128,246,22,9,0,111]
F25:[192,8,126,112,23,36,15,106]
F26:[190,5,126,136,14,23,3,97]
F27:[189,3,126,96,32,20,12,109]
F28:[191,12,128,80,36,17,15,112]
F29:[196,2,128,246,42,9,0,104]
F30:[193,3,126,108,39,21,7,106]
F31:[189,12,130,178,33,28,12,104]
F32:[188,12,122,202,54,8,6,99]
F33:[193,10,126,224,39,7,12,102]
F34:[195,14,126,180,14,3,14,106]
F35:[189,43,126,162,61,35,8,107]
F36:[189,3,126,28,39,19,10,110]
F37:[191,3,130,192,50,17,15,110]
F38:[194,3,130,206,16,22,10,109]
F39:[190,16,130,180,50,34,10,107]
=== SAMPLE 6 STOP ===
