=== SAMPLE 23 (Fire) START ===
F0:[181,20,124,6,19,28,2,104]
F1:[181,26,126,104,43,35,8,111]
F2:[158,24,128,242,30,8,17,108]
F3:[106,26,126,142,17,14,5,109]
F4:[137,20,128,42,10,0,3,113]
F5:[69,51,130,122,17,27,9,113]
F6:[69,66,124,38,30,32,1,103]
F7:[65,66,128,98,56,1,0,108]
F8:[94,63,128,166,46,2,3,103]
F9:[67,66,130,8,56,4,8,110]
F10:[155,35,124,64,29,26,6,101]
F11:[181,20,124,34,39,19,10,106]
F12:[181,39,128,36,29,16,11,105]
F13:[121,31,130,130,58,10,14,110]
F14:[118,25,128,40,28,32,4,107]
F15:[83,51,128,242,41,24,1,113]
F16:[66,62,124,136,3,15,16,108]
F17:[66,65,126,200,2,36,11,113]
F18:[72,73,130,154,9,10,13,112]
F19:[66,68,126,102,46,27,0,106]
F20:[102,39,124,110,60,22,9,101]
F21:[126,17,128,82,5,12,12,106]
F22:[125,14,124,44,11,28,12,105]
F23:[130,25,126,208,46,11,0,101]
F24:[113,24,130,168,22,15,14,110]
F25:[135,10,124,38,29,25,4,106]
F26:[137,10,128,158,3,34,16,106]
F27:[142,12,128,122,38,14,11,103]
F28:[130,32,132,238,19,3,9,111]
F29:[158,24,128,48,47,0,9,105]
F30:[147,20,126,72,45,5,15,103]
F31:[125,15,126,12,8,14,7,108]
F32:[125,15,132,172,50,16,2,108]
F33:[127,10,126,42,32,13,7,109]
F34:[129,7,128,228,56,24,12,102]
F35:[120,22,126,112,31,32,0,100]
F36:[142,12,128,32,58,27,6,104]
F37:[140,11,128,110,42,11,10,102]
F38:[153,21,128,138,8,3,1,104]
F39:[130,37,128,70,54,23,14,101]
=== SAMPLE 23 STOP ===
