=== SAMPLE 17 (Fire) START ===
F0:[118,20,128,34,37,0,12,103]
F1:[104,21,126,40,3,15,3,102]
F2:[118,50,128,54,53,7,3,105]
F3:[81,61,132,246,8,32,0,109]
F4:[80,56,126,238,61,5,0,112]
F5:[63,65,126,56,53,22,11,109]
F6:[101,54,128,102,36,0,15,104]
F7:[63,57,126,98,17,17,14,102]
F8:[81,40,124,78,51,13,16,110]
F9:[95,42,126,106,56,1,16,106]
F10:[112,31,126,168,52,12,4,102]
F11:[104,22,128,32,54,20,13,110]
F12:[95,27,126,170,12,12,16,113]
F13:[84,70,128,206,9,21,13,107]
F14:[74,85,128,230,47,7,11,106]
F15:[68,61,124,14,60,7,12,100]
F16:[55,66,130,92,34,30,12,109]
F17:[67,54,126,192,48,29,4,111]
F18:[80,51,130,210,27,18,2,111]
F19:[78,40,124,168,7,36,13,102]
F20:[107,22,124,172,61,19,15,106]
F21:[146,16,126,120,57,27,2,110]
F22:[145,14,124,74,37,11,10,103]
F23:[145,15,128,24,28,12,4,98]
F24:[147,16,124,90,45,13,8,104]
F25:[145,26,128,184,0,32,13,103]
F26:[158,10,128,214,28,27,15,110]
F27:[159,12,132,108,44,11,3,115]
F28:[172,8,130,120,11,35,5,104]
F29:[155,16,130,158,49,13,5,110]
F30:[166,10,126,84,15,7,9,104]
F31:[147,15,128,14,63,23,13,106]
F32:[144,15,126,82,46,4,8,104]
F33:[150,44,130,232,21,25,6,108]
F34:[146,14,128,250,54,10,3,100]
F35:[149,15,126,144,50,18,11,103]
F36:[160,12,126,178,4,29,7,107]
F37:[179,29,126,72,58,25,12,103]
F38:[171,11,124,52,52,7,14,107]
F39:[176,7,128,40,40,31,7,105]
=== SAMPLE 17 STOP ===
