=== SAMPLE 7 (Fire) START ===
F0:[168,17,126,78,10,12,2,111]
F1:[158,23,132,62,38,34,4,110]
F2:[120,37,130,90,16,23,3,100]
F3:[70,53,124,126,48,19,8,102]
F4:[106,56,130,138,43,5,15,114]
F5:[71,58,128,176,31,13,0,113]
F6:[76,51,130,150,43,20,14,98]
F7:[79,57,126,106,44,33,1,101]
F8:[128,63,126,186,25,16,7,101]
F9:[86,46,126,102,35,27,14,105]
F10:[147,22,128,132,50,25,2,114]
F11:[164,23,126,46,8,35,8,103]
F12:[146,36,126,80,22,1,8,103]
F13:[74,53,124,64,40,34,11,105]
F14:[70,55,132,228,31,17,1,110]
F15:[74,52,126,244,52,26,8,103]
F16:[73,58,126,14,49,4,15,111]
F17:[79,51,126,12,42,6,10,109]
F18:[86,47,128,138,29,17,8,103]
F19:[90,51,128,120,33,25,12,107]
F20:[137,39,126,226,57,34,10,105]
F21:[161,14,128,240,63,22,8,103]
F22:[162,17,132,138,24,21,3,107]
F23:[180,42,126,58,34,34,1,112]
F24:[181,28,130,222,32,2,1,108]
F25:[190,28,128,48,50,29,15,106]
F26:[195,38,124,206,50,26,8,106]
F27:[194,33,126,92,31,11,2,109]
F28:[184,33,124,118,27,6,0,106]
F29:[187,17,134,94,53,22,0,108]
F30:[178,14,128,62,12,30,7,104]
F31:[163,17,130,126,53,18,10,104]
F32:[161,16,126,92,62,36,1,110]
F33:[181,28,126,114,38,6,4,105]
F34:[189,29,128,36,56,15,17,114]
F35:[184,30,130,232,30,12,10,107]
F36:[193,33,124,164,51,12,2,103]
F37:[195,28,126,214,60,6,3,103]
F38:[190,28,124,146,27,36,6,104]
F39:[185,53,128,200,31,5,9,104]
=== SAMPLE 7 STOP ===
