=== SAMPLE 21 (Fire) START ===
F0:[195,117,128,86,0,4,13,110]
F1:[196,98,126,106,58,30,13,111]
F2:[189,59,126,66,14,14,9,108]
F3:[190,28,126,246,43,5,3,105]
F4:[191,51,126,228,28,12,11,107]
F5:[167,15,124,132,44,20,5,102]
F6:[152,21,132,82,38,28,6,108]
F7:[122,34,126,250,45,22,9,111]
F8:[55,49,136,200,61,6,1,98]
F9:[51,62,122,96,9,14,10,102]
F10:[176,81,132,192,26,3,6,102]
F11:[197,124,124,12,47,24,9,107]
F12:[195,79,132,222,29,23,15,114]
F13:[191,47,134,204,45,31,5,112]
F14:[188,25,128,80,33,17,2,109]
F15:[169,24,126,104,49,2,1,104]
F16:[166,16,126,118,13,23,7,106]
F17:[144,25,128,88,42,6,2,103]
F18:[76,56,126,94,40,29,10,104]
F19:[58,52,128,58,23,16,8,103]
F20:[69,37,126,152,54,36,7,102]
F21:[90,25,124,38,54,14,7,107]
F22:[144,31,128,222,20,25,4,103]
F23:[114,24,128,110,52,6,4,110]
F24:[119,24,128,174,27,17,7,105]
F25:[125,23,126,152,47,28,15,110]
F26:[134,24,126,210,61,22,3,105]
F27:[131,23,128,184,38,34,3,110]
F28:[125,24,124,128,43,20,10,105]
F29:[108,33,128,216,37,23,11,100]
F30:[101,37,124,108,59,26,16,104]
F31:[86,28,128,150,50,5,1,106]
F32:[87,25,130,152,0,24,7,111]
F33:[103,52,122,114,23,35,1,104]
F34:[115,46,128,184,12,28,14,102]
F35:[122,24,128,164,28,27,16,107]
F36:[131,23,128,112,33,36,15,111]
F37:[134,26,126,236,50,34,15,104]
F38:[117,39,126,52,31,13,7,103]
F39:[123,17,124,50,42,32,9,106]
=== SAMPLE 21 STOP ===
