=== SAMPLE 13 (Fire) START ===
F0:[189,53,128,132,44,9,13,108]
F1:[188,35,130,176,40,10,15,111]
F2:[169,40,126,244,58,24,11,108]
F3:[100,45,124,84,54,18,1,104]
F4:[100,44,128,110,52,21,5,107]
F5:[89,54,124,170,45,27,3,102]
F6:[80,44,128,154,23,25,8,99]
F7:[77,53,124,166,13,34,8,104]
F8:[81,52,128,178,44,27,11,99]
F9:[105,71,126,138,45,8,3,102]
F10:[160,40,122,50,48,20,4,107]
F11:[190,51,128,52,45,28,1,108]
F12:[172,35,126,44,59,30,7,106]
F13:[137,51,120,10,60,34,0,104]
F14:[99,42,124,136,46,4,4,103]
F15:[84,50,128,160,34,20,11,107]
F16:[75,45,126,102,37,1,13,103]
F17:[87,57,132,138,1,17,9,108]
F18:[89,58,126,34,51,7,16,102]
F19:[83,56,130,224,30,2,14,114]
F20:[103,28,130,154,14,30,12,109]
F21:[133,11,128,206,37,5,2,106]
F22:[135,12,128,18,14,13,13,110]
F23:[155,25,122,118,11,26,12,103]
F24:[159,25,128,234,22,28,5,106]
F25:[146,30,128,122,51,10,10,105]
F26:[170,7,126,162,40,34,8,107]
F27:[170,6,124,88,10,0,2,101]
F28:[164,35,128,186,19,26,9,106]
F29:[160,25,130,218,45,14,11,107]
F30:[168,7,128,238,41,9,11,108]
F31:[135,12,126,14,6,35,15,111]
F32:[134,12,124,74,3,1,4,106]
F33:[154,37,126,6,4,7,2,107]
F34:[159,24,124,68,41,18,3,108]
F35:[161,19,126,118,48,31,13,107]
F36:[170,7,128,140,33,1,6,109]
F37:[171,7,122,176,54,0,10,105]
F38:[177,8,128,206,21,24,14,108]
F39:[184,8,128,96,42,10,15,108]
=== SAMPLE 13 STOP ===
