=== SAMPLE 8 (Fire) START ===
F0:[188,39,128,68,62,34,2,100]
F1:[191,41,128,216,48,34,12,104]
F2:[134,44,126,78,0,4,14,105]
F3:[71,63,130,244,29,12,1,98]
F4:[88,89,126,146,56,23,2,104]
F5:[84,46,126,52,34,8,13,102]
F6:[81,45,128,190,4,18,16,109]
F7:[82,44,128,108,16,21,1,106]
F8:[92,60,128,224,31,18,9,104]
F9:[94,60,128,208,57,17,9,108]
F10:[165,45,128,168,9,5,6,107]
F11:[189,37,122,148,32,18,10,98]
F12:[165,41,126,50,13,21,14,98]
F13:[81,81,126,150,13,31,12,106]
F14:[69,66,126,94,39,29,0,106]
F15:[75,49,124,64,8,22,4,99]
F16:[80,44,130,236,24,21,12,109]
F17:[77,44,132,198,2,34,13,108]
F18:[90,53,126,112,48,3,8,106]
F19:[88,51,128,138,31,22,6,104]
F20:[126,27,126,20,40,16,10,105]
F21:[151,11,130,108,5,8,4,107]
F22:[155,12,126,244,44,33,10,106]
F23:[159,20,124,32,29,34,10,104]
F24:[151,34,124,14,6,34,16,104]
F25:[170,10,128,210,44,25,1,103]
F26:[189,14,126,212,46,2,11,108]
F27:[186,10,126,126,52,18,3,111]
F28:[177,43,124,18,3,12,2,103]
F29:[197,17,128,118,32,3,2,114]
F30:[184,14,126,206,55,26,1,110]
F31:[154,11,124,102,45,16,12,105]
F32:[155,17,128,110,0,1,2,104]
F33:[159,19,122,76,16,2,10,105]
F34:[159,16,124,54,7,15,5,108]
F35:[164,16,128,130,18,19,9,106]
F36:[187,10,126,192,38,10,15,108]
F37:[188,14,130,214,22,29,7,102]
F38:[193,16,126,54,1,29,3,103]
F39:[197,15,126,140,27,35,13,110]
=== SAMPLE 8 STOP ===
