=== SAMPLE 29 (Fire) START ===
F0:[182,32,126,4,19,8,6,109]
F1:[184,33,126,198,40,5,0,108]
F2:[179,28,132,182,17,36,10,104]
F3:[135,37,126,210,62,23,15,106]
F4:[102,35,132,140,24,9,8,105]
F5:[69,83,132,218,37,34,7,112]
F6:[60,77,126,194,46,8,14,105]
F7:[61,89,126,70,33,30,16,108]
F8:[68,59,126,214,53,10,16,105]
F9:[74,57,126,78,7,33,3,108]
F10:[178,38,130,140,42,25,13,108]
F11:[185,38,128,174,0,11,6,116]
F12:[170,28,126,132,20,3,6,101]
F13:[102,35,130,200,24,8,2,101]
F14:[159,25,128,16,49,25,0,107]
F15:[85,78,126,110,45,33,4,107]
F16:[61,84,126,148,40,11,8,106]
F17:[61,77,130,12,23,21,15,104]
F18:[106,84,130,196,24,8,12,107]
F19:[76,56,122,34,4,21,4,107]
F20:[93,45,128,64,20,11,7,110]
F21:[127,23,126,94,60,36,12,103]
F22:[128,23,124,36,30,33,10,101]
F23:[127,41,126,184,57,10,14,103]
F24:[140,24,122,74,59,7,10,106]
F25:[142,24,128,66,43,11,12,102]
F26:[149,24,124,72,51,26,5,114]
F27:[146,23,130,250,19,12,13,109]
F28:[147,28,130,228,30,5,0,107]
F29:[140,23,128,72,37,26,16,109]
F30:[133,26,128,82,28,29,4,107]
F31:[126,21,130,244,60,15,5,104]
F32:[125,23,126,66,39,13,13,109]
F33:[129,45,124,190,63,35,0,105]
F34:[118,44,126,24,2,4,14,104]
F35:[140,23,126,108,33,14,6,106]
F36:[146,23,128,134,39,26,0,109]
F37:[150,28,130,86,14,20,9,100]
F38:[139,29,128,168,22,0,3,105]
F39:[146,23,130,198,41,2,8,106]
=== SAMPLE 29 STOP ===
