=== SAMPLE 1 (Fire) START ===
F0:[66,75,128,146,42,17,7,101]
F1:[69,84,120,200,56,18,5,98]
F2:[140,54,126,242,42,26,1,102]
F3:[77,68,126,234,36,33,1,101]
F4:[84,73,124,214,48,9,7,99]
F5:[97,54,128,162,45,11,8,105]
F6:[93,48,130,180,44,3,10,114]
F7:[92,55,126,112,46,2,10,100]
F8:[68,51,130,232,43,23,0,111]
F9:[74,55,126,66,14,18,1,108]
F10:[82,77,126,96,52,28,13,104]
F11:[73,82,128,94,27,35,8,102]
F12:[73,83,126,68,58,25,1,103]
F13:[83,75,128,184,57,5,15,109]
F14:[73,103,124,58,62,23,8,109]
F15:[92,59,124,176,37,15,9,99]
F16:[96,53,126,232,57,36,2,108]
F17:[97,50,126,100,34,12,5,99]
F18:[89,57,130,178,55,6,9,107]
F19:[69,52,128,12,63,18,15,104]
F20:[130,39,126,40,43,34,6,101]
F21:[190,30,130,250,9,18,16,110]
F22:[191,23,130,176,59,18,5,105]
F23:[189,12,126,32,40,31,9,104]
F24:[189,3,128,204,10,34,14,112]
F25:[193,66,128,214,47,23,7,112]
F26:[195,93,126,198,57,0,13,104]
F27:[196,94,126,218,43,26,9,103]
F28:[192,33,124,76,52,24,8,106]
F29:[188,26,126,204,41,33,0,105]
F30:[188,42,128,16,33,6,0,106]
F31:[191,34,130,200,28,34,5,109]
F32:[190,26,124,38,59,26,15,102]
F33:[191,44,126,162,44,5,3,105]
F34:[191,20,126,134,62,16,0,105]
F35:[189,16,128,116,22,15,16,111]
F36:[196,97,128,248,52,33,1,102]
F37:[195,74,126,232,6,9,2,100]
F38:[191,65,130,126,43,24,11,100]
F39:[191,17,126,126,20,32,8,105]
=== SAMPLE 1 STOP ===
