=== SAMPLE 24 (Fire) START ===
F0:[77,54,122,136,55,11,12,97]
F1:[120,42,128,4,13,35,13,107]
F2:[74,46,128,246,40,4,3,106]
F3:[75,43,128,160,26,26,7,100]
F4:[79,46,124,238,54,8,16,108]
F5:[107,54,126,152,45,30,3,107]
F6:[92,44,124,14,64,13,12,100]
F7:[92,51,124,6,14,3,3,98]
F8:[76,69,130,242,47,24,12,104]
F9:[124,36,130,134,37,23,15,111]
F10:[73,59,128,44,48,19,7,110]
F11:[70,56,130,154,7,19,14,105]
F12:[79,60,126,156,42,13,9,107]
F13:[141,40,126,218,29,15,5,103]
F14:[76,39,130,194,37,25,6,107]
F15:[89,46,130,194,45,22,13,107]
F16:[99,45,130,124,36,29,2,107]
F17:[96,48,126,62,57,0,12,105]
F18:[72,60,130,194,60,35,9,107]
F19:[75,62,128,62,33,10,15,109]
F20:[137,29,126,160,4,7,6,104]
F21:[140,23,130,114,38,36,11,110]
F22:[142,23,124,136,49,3,15,99]
F23:[157,12,126,88,33,14,13,107]
F24:[145,28,124,70,29,16,0,115]
F25:[156,32,126,122,56,28,13,104]
F26:[192,37,128,50,42,22,12,112]
F27:[190,24,128,160,36,26,16,107]
F28:[169,61,128,38,5,19,0,101]
F29:[171,56,122,12,57,29,3,107]
F30:[179,46,126,160,42,36,8,101]
F31:[141,23,122,68,49,18,3,97]
F32:[141,23,126,198,52,1,16,106]
F33:[145,23,128,204,10,23,5,105]
F34:[159,12,130,90,14,7,1,102]
F35:[163,23,126,192,35,4,3,106]
F36:[190,23,128,108,32,28,0,106]
F37:[192,38,128,8,12,32,14,106]
F38:[191,41,128,182,32,27,7,108]
F39:[191,46,130,178,8,12,15,108]
=== SAMPLE 24 STOP ===
