=== SAMPLE 9 (Fire) START ===
F0:[70,32,128,60,5,26,1,112]
F1:[70,36,126,14,40,17,2,100]
F2:[70,53,126,58,50,2,13,107]
F3:[97,63,128,68,59,13,10,101]
F4:[81,74,128,56,20,26,9,109]
F5:[75,50,128,106,36,27,9,103]
F6:[87,44,132,196,14,34,6,105]
F7:[79,47,126,132,10,19,3,105]
F8:[76,44,124,116,40,14,1,97]
F9:[75,36,126,22,38,0,9,107]
F10:[66,36,124,36,25,19,5,108]
F11:[73,35,128,222,8,17,12,112]
F12:[71,50,126,76,15,35,14,100]
F13:[59,65,128,66,6,8,3,105]
F14:[61,78,128,98,14,15,13,108]
F15:[84,49,132,24,13,16,8,109]
F16:[82,46,126,34,29,17,5,104]
F17:[86,44,128,28,58,28,6,103]
F18:[71,37,124,56,11,15,4,106]
F19:[68,35,124,52,43,30,3,101]
F20:[114,19,130,220,39,12,1,101]
F21:[164,14,128,154,55,18,1,109]
F22:[160,11,126,70,30,1,13,99]
F23:[154,10,128,212,47,1,14,106]
F24:[185,12,128,226,33,6,3,110]
F25:[189,39,128,186,11,23,6,108]
F26:[197,84,124,140,32,6,7,104]
F27:[195,55,126,156,59,1,0,110]
F28:[191,28,132,186,28,3,8,108]
F29:[190,8,126,188,40,12,7,105]
F30:[176,10,126,46,34,10,13,105]
F31:[174,10,124,58,11,19,6,104]
F32:[159,10,126,44,11,23,2,102]
F33:[180,14,130,68,7,33,2,105]
F34:[182,21,130,188,51,24,8,111]
F35:[154,36,128,70,55,14,10,108]
F36:[196,71,128,166,31,9,14,108]
F37:[197,96,126,216,19,12,16,101]
F38:[182,43,126,74,39,26,9,108]
F39:[179,23,124,40,63,19,7,102]
=== SAMPLE 9 STOP ===
