=== SAMPLE 20 (Fire) START ===
F0:[46,54,128,138,47,28,14,100]
F1:[46,66,126,136,29,2,8,103]
F2:[59,61,124,106,61,10,2,106]
F3:[75,56,126,136,27,8,0,107]
F4:[70,51,126,64,59,12,3,99]
F5:[67,55,122,110,27,9,15,109]
F6:[64,56,126,94,26,0,7,107]
F7:[135,43,126,64,53,1,2,105]
F8:[77,57,128,22,11,17,6,109]
F9:[77,50,130,218,37,35,6,112]
F10:[57,62,126,104,30,13,15,109]
F11:[79,53,128,168,32,8,16,109]
F12:[49,63,122,6,29,13,3,98]
F13:[67,53,126,184,30,3,9,109]
F14:[73,69,128,222,52,7,6,100]
F15:[61,55,126,204,57,10,9,106]
F16:[63,56,124,78,40,16,4,107]
F17:[63,54,130,180,25,11,11,114]
F18:[81,54,128,244,57,9,5,107]
F19:[95,59,128,226,43,35,9,104]
F20:[97,35,132,8,52,11,11,98]
F21:[112,16,126,44,58,16,13,109]
F22:[114,15,128,148,64,25,15,107]
F23:[125,20,130,96,55,22,16,113]
F24:[142,28,128,164,39,26,10,115]
F25:[152,20,130,160,42,13,15,109]
F26:[171,7,126,26,23,11,7,99]
F27:[170,7,128,176,24,18,11,108]
F28:[180,26,128,248,62,32,15,99]
F29:[178,29,126,22,31,11,5,103]
F30:[150,26,126,136,29,30,5,102]
F31:[114,15,130,138,15,24,2,109]
F32:[114,15,128,100,40,24,1,103]
F33:[134,26,122,158,37,16,5,104]
F34:[126,21,128,116,8,8,11,104]
F35:[144,21,128,214,33,35,13,107]
F36:[170,7,124,74,53,19,8,108]
F37:[170,8,126,60,45,23,8,107]
F38:[167,24,130,218,47,14,1,104]
F39:[181,24,128,180,42,15,10,97]
=== SAMPLE 20 STOP ===
