=== SAMPLE 15 (Fire) START ===
F0:[188,76,126,154,53,1,14,108]
F1:[191,62,130,122,27,0,8,112]
F2:[138,67,124,54,62,7,8,108]
F3:[71,74,122,52,64,4,4,99]
F4:[97,68,126,126,54,21,7,103]
F5:[63,59,130,116,55,34,0,108]
F6:[55,55,128,250,62,30,3,102]
F7:[63,64,128,210,30,4,12,108]
F8:[76,58,126,86,64,24,16,105]
F9:[82,79,126,224,41,1,6,108]
F10:[164,74,128,158,41,6,9,108]
F11:[189,73,126,26,31,19,15,100]
F12:[163,60,126,124,40,36,13,104]
F13:[92,75,130,90,17,12,4,108]
F14:[71,74,128,18,23,15,16,112]
F15:[65,63,128,236,35,0,8,114]
F16:[60,60,126,108,37,34,11,109]
F17:[54,57,132,146,21,28,10,103]
F18:[72,80,126,96,31,4,6,107]
F19:[77,76,132,210,5,29,6,106]
F20:[111,33,126,96,48,29,16,108]
F21:[138,15,128,140,30,29,2,112]
F22:[137,15,128,72,53,21,0,108]
F23:[146,16,128,62,27,0,14,105]
F24:[134,30,128,118,59,0,8,110]
F25:[150,12,124,104,54,8,1,106]
F26:[154,7,126,86,40,24,14,100]
F27:[157,7,126,250,44,30,4,107]
F28:[158,16,130,208,41,20,0,106]
F29:[172,3,124,194,27,17,15,106]
F30:[164,8,128,108,54,21,15,112]
F31:[137,15,128,56,37,23,3,109]
F32:[181,20,130,168,45,0,7,107]
F33:[145,16,126,206,46,26,11,105]
F34:[144,14,128,74,11,6,5,107]
F35:[145,19,128,176,55,6,4,112]
F36:[156,7,128,214,24,25,3,107]
F37:[157,8,128,14,31,17,7,107]
F38:[166,6,122,30,63,28,9,96]
F39:[174,24,126,20,23,28,16,104]
=== SAMPLE 15 STOP ===
