=== SAMPLE 11 (Fire) START ===
F0:[189,93,124,156,48,11,2,104]
F1:[190,80,126,106,31,24,15,99]
F2:[190,56,130,240,26,10,5,105]
F3:[179,7,130,164,8,34,2,102]
F4:[182,15,130,196,40,8,3,109]
F5:[75,48,128,70,30,30,11,111]
F6:[64,52,130,224,44,8,15,110]
F7:[65,59,130,194,32,31,1,110]
F8:[68,70,128,210,45,9,14,102]
F9:[111,68,128,198,29,12,12,105]
F10:[165,53,128,130,23,2,10,110]
F11:[190,61,126,198,42,35,16,113]
F12:[189,56,128,232,59,30,14,105]
F13:[173,44,126,222,33,18,6,110]
F14:[180,10,128,102,44,27,14,105]
F15:[105,37,128,54,37,35,4,107]
F16:[64,51,126,218,54,5,3,104]
F17:[74,62,126,208,44,19,7,111]
F18:[67,71,124,64,14,8,10,106]
F19:[65,72,128,154,54,36,15,104]
F20:[100,38,122,56,0,10,16,107]
F21:[144,16,128,164,22,36,10,102]
F22:[125,17,126,96,30,28,2,107]
F23:[131,24,128,192,1,33,4,110]
F24:[136,32,128,196,39,31,9,106]
F25:[134,28,132,214,21,34,9,111]
F26:[165,19,126,44,28,33,14,105]
F27:[162,14,132,212,30,12,6,108]
F28:[159,39,122,12,23,30,1,105]
F29:[165,35,124,106,1,11,7,104]
F30:[160,10,128,200,29,20,0,104]
F31:[124,16,122,84,41,34,8,101]
F32:[124,16,126,196,54,34,6,114]
F33:[121,39,124,28,14,35,1,105]
F34:[135,28,130,244,64,15,7,105]
F35:[139,20,130,20,17,6,5,112]
F36:[164,15,126,134,1,11,12,107]
F37:[162,15,126,112,23,1,2,112]
F38:[169,11,124,100,11,28,7,106]
F39:[174,14,128,226,26,29,10,106]
=== SAMPLE 11 STOP ===
