=== SAMPLE 16 (Fire) START ===
F0:[92,43,134,192,6,8,10,104]
F1:[89,46,128,122,35,22,6,109]
F2:[85,47,126,58,26,32,12,115]
F3:[85,54,126,220,32,2,3,110]
F4:[95,50,126,228,21,20,1,98]
F5:[84,55,128,184,52,17,16,107]
F6:[89,50,126,60,26,34,1,105]
F7:[87,57,126,50,51,24,7,106]
F8:[60,52,132,250,36,36,0,111]
F9:[61,51,124,64,33,32,15,111]
F10:[86,41,126,56,42,1,14,106]
F11:[92,44,124,138,30,28,10,103]
F12:[105,41,128,46,56,27,4,108]
F13:[77,57,124,138,37,15,2,106]
F14:[89,56,128,96,42,5,0,105]
F15:[88,53,126,92,37,15,7,106]
F16:[88,51,130,142,24,3,9,105]
F17:[82,59,128,194,14,26,13,115]
F18:[62,51,128,238,34,27,6,103]
F19:[67,52,126,132,5,1,16,108]
F20:[111,36,128,208,2,4,16,112]
F21:[141,15,124,84,17,8,12,107]
F22:[141,15,130,250,30,27,11,103]
F23:[136,34,130,114,58,19,4,105]
F24:[139,11,126,16,29,26,12,105]
F25:[149,10,126,14,0,21,8,113]
F26:[159,7,132,232,41,6,13,113]
F27:[167,17,128,176,41,34,16,106]
F28:[164,14,128,122,58,19,12,105]
F29:[164,8,126,148,51,13,13,102]
F30:[157,11,126,118,51,22,10,108]
F31:[163,15,126,40,57,34,14,101]
F32:[142,15,128,218,16,33,7,106]
F33:[138,12,132,198,55,31,5,92]
F34:[141,28,124,44,42,11,12,103]
F35:[145,46,128,226,55,13,0,110]
F36:[160,7,126,40,52,0,3,106]
F37:[161,8,128,42,39,34,12,112]
F38:[154,21,128,50,42,4,14,103]
F39:[158,33,124,78,14,6,8,104]
=== SAMPLE 16 STOP ===
