=== SAMPLE 19 (Fire) START ===
F0:[56,57,122,22,7,22,6,102]
F1:[161,56,124,188,41,9,12,104]
F2:[58,58,126,56,33,12,0,111]
F3:[54,62,122,30,23,12,8,94]
F4:[57,59,128,244,61,3,9,110]
F5:[87,60,124,4,30,7,0,100]
F6:[71,64,126,28,10,3,15,109]
F7:[69,61,128,26,62,31,3,106]
F8:[61,51,132,108,45,18,1,107]
F9:[90,71,128,74,16,10,2,110]
F10:[60,54,126,68,38,14,2,103]
F11:[59,57,124,248,48,15,11,107]
F12:[52,68,130,236,47,30,2,112]
F13:[78,84,128,76,18,32,6,111]
F14:[55,64,126,10,11,2,7,113]
F15:[68,61,128,70,62,6,14,109]
F16:[76,61,128,192,35,6,14,111]
F17:[153,44,130,138,63,28,0,111]
F18:[55,56,128,220,7,16,11,108]
F19:[60,48,130,124,11,6,4,116]
F20:[104,34,124,8,22,25,1,102]
F21:[156,20,126,80,37,11,12,104]
F22:[138,20,128,26,27,26,12,108]
F23:[157,17,128,58,13,18,11,111]
F24:[157,29,126,52,35,10,3,103]
F25:[157,25,124,24,28,18,3,103]
F26:[191,17,128,130,33,17,2,108]
F27:[191,20,124,80,27,34,14,104]
F28:[186,41,124,128,58,13,11,108]
F29:[185,43,128,94,22,13,6,107]
F30:[178,29,130,226,24,6,5,112]
F31:[137,20,126,6,19,29,4,103]
F32:[138,17,126,190,9,10,15,106]
F33:[150,20,128,28,32,30,5,105]
F34:[157,15,126,88,51,8,1,111]
F35:[162,15,128,146,46,10,14,108]
F36:[191,25,128,228,50,17,8,109]
F37:[191,19,128,168,45,17,10,104]
F38:[193,34,126,30,57,23,7,115]
F39:[193,37,122,172,26,16,4,101]
=== SAMPLE 19 STOP ===
