=== SAMPLE 0 (Fire) START ===
F0:[68,59,124,96,12,35,10,102]
F1:[69,57,128,226,36,11,4,108]
F2:[140,32,124,192,7,12,3,104]
F3:[64,39,126,12,25,4,14,103]
F4:[64,42,128,88,39,30,2,111]
F5:[89,28,126,170,41,26,11,102]
F6:[137,30,126,148,37,28,10,113]
F7:[108,19,120,22,35,12,15,98]
F8:[121,17,128,126,36,25,12,109]
F9:[120,17,128,12,46,33,14,107]
F10:[83,48,130,52,25,22,11,105]
F11:[69,54,124,72,45,8,12,102]
F12:[75,52,128,206,57,34,7,113]
F13:[64,54,124,18,5,25,4,107]
F14:[67,57,124,46,42,35,12,106]
F15:[88,28,128,24,44,28,15,101]
F16:[100,26,122,10,32,5,10,98]
F17:[98,24,128,128,42,24,0,108]
F18:[124,37,128,36,49,20,14,106]
F19:[121,15,128,112,51,19,0,108]
F20:[156,28,124,34,41,19,2,103]
F21:[191,41,128,44,32,28,5,101]
F22:[191,49,128,4,13,9,13,102]
F23:[192,42,128,158,62,36,9,107]
F24:[191,28,128,50,40,35,1,109]
F25:[192,16,128,130,27,27,5,107]
F26:[196,56,124,10,1,0,5,99]
F27:[197,52,124,14,43,2,15,100]
F28:[189,20,124,160,48,35,9,99]
F29:[191,25,124,66,45,8,7,105]
F30:[190,25,130,132,9,19,9,101]
F31:[191,49,126,18,43,18,4,105]
F32:[189,33,124,118,9,3,8,104]
F33:[192,38,124,42,63,4,17,102]
F34:[190,20,132,198,25,8,8,107]
F35:[192,30,126,188,49,2,13,97]
F36:[197,56,128,206,52,36,13,105]
F37:[196,46,130,228,31,35,5,107]
F38:[193,48,132,222,47,1,1,104]
F39:[188,7,126,140,19,22,10,103]
=== SAMPLE 0 STOP ===
