=== SAMPLE 30 (Fire) START ===
F0:[175,29,132,230,20,15,5,104]
F1:[175,29,128,198,15,26,16,107]
F2:[151,31,128,184,50,26,1,109]
F3:[105,43,126,152,61,25,3,109]
F4:[66,53,126,10,62,14,12,96]
F5:[80,51,126,220,63,4,0,101]
F6:[75,40,126,190,48,0,12,107]
F7:[77,49,124,78,7,8,8,107]
F8:[65,42,130,182,9,31,1,107]
F9:[67,41,128,216,14,26,10,105]
F10:[169,29,122,86,31,24,11,103]
F11:[180,29,124,136,40,7,9,102]
F12:[152,34,126,202,8,32,2,103]
F13:[68,55,130,244,2,25,0,109]
F14:[114,30,128,100,48,30,3,102]
F15:[84,40,124,12,32,9,12,104]
F16:[77,44,126,134,37,30,2,102]
F17:[74,37,122,62,48,16,0,111]
F18:[101,56,128,228,63,24,10,101]
F19:[72,41,128,48,47,15,6,102]
F20:[95,29,126,110,33,33,9,108]
F21:[118,14,128,136,24,26,4,108]
F22:[120,17,126,128,36,10,5,104]
F23:[115,35,126,232,42,28,2,100]
F24:[124,7,130,58,17,22,9,110]
F25:[128,7,126,72,18,17,0,102]
F26:[135,7,130,30,12,22,5,107]
F27:[136,7,126,72,58,30,14,106]
F28:[138,11,124,34,54,13,11,101]
F29:[134,11,124,202,60,25,7,104]
F30:[120,19,122,60,49,0,15,105]
F31:[120,16,128,130,61,18,0,112]
F32:[120,17,124,94,28,35,5,109]
F33:[121,8,128,160,31,7,16,110]
F34:[117,38,128,222,51,21,9,99]
F35:[125,8,128,164,64,34,0,108]
F36:[136,7,128,78,43,2,7,109]
F37:[134,7,122,70,48,30,8,104]
F38:[129,16,126,176,38,9,10,106]
F39:[138,11,126,168,18,21,7,113]
=== SAMPLE 30 STOP ===
