=== SAMPLE 4 (Fire) START ===
F0:[90,31,128,134,18,20,12,106]
F1:[94,38,128,206,59,11,16,101]
F2:[89,53,130,228,26,1,4,108]
F3:[82,85,126,202,50,7,12,109]
F4:[51,53,130,238,49,32,7,113]
F5:[50,41,128,234,41,5,8,107]
F6:[56,37,126,174,52,17,8,108]
F7:[61,41,132,84,15,21,2,116]
F8:[87,50,126,178,40,9,7,108]
F9:[80,50,126,194,15,26,10,101]
F10:[107,38,128,130,63,24,16,100]
F11:[90,37,120,62,45,32,11,95]
F12:[81,35,130,244,36,28,6,113]
F13:[53,55,130,112,12,2,3,110]
F14:[89,83,128,46,43,26,8,105]
F15:[62,48,124,40,57,4,0,98]
F16:[53,38,130,130,40,3,4,106]
F17:[62,38,128,104,6,27,6,109]
F18:[105,35,126,174,47,23,12,103]
F19:[82,49,126,112,43,30,12,107]
F20:[138,39,128,210,12,1,15,109]
F21:[192,28,132,162,20,30,9,110]
F22:[191,41,128,124,22,0,8,106]
F23:[194,49,130,156,61,24,11,105]
F24:[195,42,126,114,55,13,8,113]
F25:[193,39,126,172,2,7,8,100]
F26:[194,67,130,190,27,8,1,103]
F27:[194,62,126,112,33,25,4,108]
F28:[190,52,128,142,40,4,3,112]
F29:[187,23,126,216,44,6,12,103]
F30:[186,17,124,66,59,28,3,106]
F31:[192,41,124,50,29,12,12,111]
F32:[191,26,126,92,12,22,7,99]
F33:[195,60,124,58,24,35,5,102]
F34:[196,65,122,66,45,6,11,107]
F35:[193,33,128,88,41,23,2,110]
F36:[194,65,130,144,36,33,16,102]
F37:[192,69,128,186,42,26,7,103]
F38:[187,23,130,104,47,3,8,111]
F39:[190,28,126,116,49,5,2,108]
=== SAMPLE 4 STOP ===
