=== SAMPLE 26 (Fire) START ===
F0:[100,31,122,40,21,8,6,95]
F1:[98,35,132,228,58,29,0,111]
F2:[125,49,130,74,29,35,16,110]
F3:[81,76,122,130,17,18,16,104]
F4:[80,71,130,226,47,35,2,105]
F5:[74,52,126,222,47,31,3,105]
F6:[116,42,128,204,27,13,14,110]
F7:[74,53,124,88,31,6,5,99]
F8:[80,60,126,174,37,15,4,103]
F9:[78,63,126,220,48,26,11,104]
F10:[104,41,124,50,36,2,11,100]
F11:[98,33,122,98,57,30,10,107]
F12:[95,38,124,32,30,36,7,106]
F13:[89,73,130,148,48,23,8,112]
F14:[95,67,126,220,58,3,9,108]
F15:[75,56,126,80,54,5,14,105]
F16:[72,45,128,220,27,14,7,108]
F17:[74,46,124,104,37,6,11,104]
F18:[101,76,128,14,50,19,3,107]
F19:[77,56,126,86,20,20,0,108]
F20:[106,32,126,180,13,23,5,106]
F21:[148,17,126,100,50,9,12,104]
F22:[145,15,126,114,7,35,15,96]
F23:[158,23,126,42,53,2,13,108]
F24:[152,16,126,208,28,33,6,113]
F25:[131,24,130,90,45,30,3,110]
F26:[148,7,128,114,31,23,7,102]
F27:[152,7,126,184,61,23,15,104]
F28:[163,8,128,230,45,0,12,106]
F29:[144,25,128,226,15,22,14,103]
F30:[158,10,128,92,49,4,1,98]
F31:[145,15,130,18,43,0,3,104]
F32:[145,15,128,170,54,33,5,106]
F33:[130,33,126,224,47,24,5,106]
F34:[158,23,130,18,20,12,12,111]
F35:[153,15,130,162,0,24,11,106]
F36:[152,7,126,206,44,6,2,104]
F37:[150,8,128,32,56,25,8,104]
F38:[160,14,124,206,51,16,6,107]
F39:[165,7,128,76,52,9,6,107]
=== SAMPLE 26 STOP ===
