=== SAMPLE 5 (Fire) START ===
F0:[176,61,132,98,24,2,7,105]
F1:[183,61,126,128,40,22,0,101]
F2:[178,67,124,170,15,28,6,101]
F3:[175,66,128,110,55,1,5,111]
F4:[169,58,128,114,24,17,16,108]
F5:[179,75,124,120,3,3,1,100]
F6:[183,98,128,82,26,2,10,110]
F7:[181,75,130,196,46,26,2,106]
F8:[173,46,126,202,8,5,5,104]
F9:[180,51,122,158,38,5,3,97]
F10:[180,61,130,218,33,20,4,104]
F11:[180,64,128,50,36,29,13,106]
F12:[179,58,126,248,5,5,5,113]
F13:[175,64,126,70,38,8,7,102]
F14:[173,75,128,162,40,4,5,113]
F15:[179,78,132,24,38,18,16,109]
F16:[181,83,130,104,14,21,4,111]
F17:[182,85,126,136,49,26,8,99]
F18:[180,58,132,154,41,26,3,103]
F19:[177,48,128,120,46,24,16,110]
F20:[107,59,128,224,50,1,15,108]
F21:[44,60,130,94,42,19,13,102]
F22:[45,58,126,106,5,1,16,98]
F23:[65,64,124,48,4,24,16,105]
F24:[65,55,124,194,55,11,17,107]
F25:[62,61,128,82,50,27,1,112]
F26:[63,60,122,62,33,27,1,101]
F27:[61,57,124,106,47,20,8,104]
F28:[101,36,128,28,29,3,15,110]
F29:[85,30,124,78,35,0,9,102]
F30:[74,34,126,188,43,23,3,108]
F31:[44,58,126,96,43,0,0,111]
F32:[140,22,128,186,58,15,2,107]
F33:[58,58,120,24,55,28,1,104]
F34:[64,60,126,112,28,0,12,110]
F35:[65,71,126,16,38,28,7,102]
F36:[62,56,130,228,14,33,3,102]
F37:[64,59,124,46,36,7,10,112]
F38:[76,38,128,224,34,29,9,108]
F39:[104,33,126,42,23,30,13,98]
=== SAMPLE 5 STOP ===
