=== SAMPLE 2 (Fire) START ===
F0:[60,61,126,16,27,20,8,108]
F1:[61,66,126,232,51,33,3,109]
F2:[140,31,128,48,63,18,4,107]
F3:[89,41,124,184,5,25,8,107]
F4:[88,43,128,236,36,23,14,106]
F5:[78,52,128,240,49,4,10,100]
F6:[140,42,122,22,63,20,10,102]
F7:[83,42,124,122,13,24,14,101]
F8:[101,33,126,184,48,27,3,102]
F9:[103,30,126,182,34,13,15,108]
F10:[79,58,130,174,12,30,3,106]
F11:[61,59,128,96,23,24,4,108]
F12:[61,54,132,180,36,12,1,102]
F13:[92,55,124,4,19,11,7,108]
F14:[84,55,124,158,54,13,7,109]
F15:[80,49,128,126,47,32,3,109]
F16:[77,51,128,60,5,5,16,102]
F17:[71,49,128,132,32,27,10,103]
F18:[95,39,126,120,16,26,8,106]
F19:[96,29,128,172,11,0,12,107]
F20:[145,29,128,146,30,29,9,110]
F21:[190,17,132,202,40,7,13,107]
F22:[191,20,126,214,56,1,1,107]
F23:[193,26,126,86,9,22,5,104]
F24:[193,38,124,38,31,33,13,102]
F25:[190,73,126,52,25,29,9,106]
F26:[191,48,130,224,11,4,1,108]
F27:[194,67,126,80,10,14,0,106]
F28:[193,26,126,158,46,32,16,105]
F29:[196,47,130,68,7,31,1,110]
F30:[192,30,126,198,31,8,1,102]
F31:[189,20,124,74,47,8,16,105]
F32:[188,17,126,16,49,35,9,105]
F33:[191,71,128,204,53,9,0,107]
F34:[192,49,130,12,63,34,16,105]
F35:[191,24,124,206,48,36,3,108]
F36:[194,66,130,120,30,15,6,111]
F37:[192,48,128,70,41,12,4,100]
F38:[194,53,126,176,18,9,4,100]
F39:[194,26,130,102,36,16,5,105]
=== SAMPLE 2 STOP ===
