=== SAMPLE 10 (Fire) START ===
F0:[99,31,128,46,3,23,0,112]
F1:[93,34,130,28,1,34,0,106]
F2:[95,45,126,206,55,22,6,109]
F3:[113,78,128,160,57,28,11,112]
F4:[73,65,126,56,55,28,0,106]
F5:[78,70,124,42,11,1,3,101]
F6:[78,65,128,102,19,29,2,106]
F7:[112,66,126,90,44,24,12,107]
F8:[81,58,128,212,46,5,8,106]
F9:[82,55,128,152,21,5,4,114]
F10:[100,37,124,66,31,7,4,106]
F11:[110,30,124,22,35,5,14,105]
F12:[85,35,130,108,63,1,6,109]
F13:[69,68,124,26,43,6,16,102]
F14:[113,66,124,200,48,8,2,101]
F15:[82,65,128,232,42,33,8,106]
F16:[81,63,128,220,39,22,10,102]
F17:[77,67,124,182,54,30,16,101]
F18:[85,66,122,24,58,0,3,103]
F19:[85,59,128,54,27,29,2,106]
F20:[108,35,130,214,42,17,11,108]
F21:[140,11,126,32,14,30,12,101]
F22:[138,11,130,110,24,21,0,112]
F23:[144,28,128,76,47,30,4,104]
F24:[158,30,128,84,45,30,11,103]
F25:[169,24,126,74,45,3,5,112]
F26:[190,29,128,242,23,29,15,105]
F27:[188,24,126,238,45,17,7,98]
F28:[181,43,126,238,41,2,2,102]
F29:[168,25,128,82,13,27,12,100]
F30:[163,19,124,24,35,7,4,101]
F31:[139,12,128,246,43,8,1,110]
F32:[138,11,124,228,37,22,14,101]
F33:[150,23,126,34,52,1,0,106]
F34:[144,26,126,208,31,26,13,103]
F35:[164,24,130,202,24,14,14,104]
F36:[189,26,122,10,50,20,3,106]
F37:[189,28,126,106,58,31,16,105]
F38:[176,32,130,178,48,12,6,107]
F39:[179,38,124,64,33,35,13,100]
=== SAMPLE 10 STOP ===
