=== SAMPLE 27 (Fire) START ===
F0:[183,35,128,206,23,33,16,107]
F1:[181,28,126,194,44,24,15,102]
F2:[138,39,126,130,12,7,9,106]
F3:[89,55,124,126,27,17,3,111]
F4:[149,50,124,72,43,3,6,102]
F5:[72,65,128,198,62,17,8,101]
F6:[78,76,128,242,40,31,3,103]
F7:[86,60,126,94,17,26,8,106]
F8:[116,45,126,10,23,25,6,110]
F9:[73,45,126,38,44,17,4,111]
F10:[161,29,126,232,13,6,10,108]
F11:[183,35,130,60,40,15,13,109]
F12:[167,44,124,30,42,21,14,103]
F13:[82,53,128,168,3,33,16,106]
F14:[86,52,128,132,47,35,2,106]
F15:[77,61,122,62,62,12,12,105]
F16:[113,52,132,126,46,17,3,109]
F17:[75,68,130,56,30,30,2,114]
F18:[73,45,128,48,49,4,10,105]
F19:[114,57,126,220,58,34,16,102]
F20:[111,35,126,164,1,20,4,102]
F21:[139,15,132,80,33,30,7,106]
F22:[137,15,126,232,27,2,5,103]
F23:[138,64,128,18,50,35,4,100]
F24:[143,24,130,26,18,2,6,107]
F25:[152,20,126,100,42,18,11,106]
F26:[155,10,126,98,54,3,15,106]
F27:[157,12,130,208,11,4,0,100]
F28:[158,33,130,234,44,17,12,100]
F29:[167,7,122,88,45,2,7,113]
F30:[160,10,128,90,63,34,15,97]
F31:[136,14,126,26,23,16,7,110]
F32:[137,15,122,108,58,0,11,104]
F33:[147,23,130,236,34,25,13,103]
F34:[147,19,128,144,45,6,16,109]
F35:[142,38,124,4,12,4,0,102]
F36:[157,10,128,130,16,6,3,108]
F37:[155,12,124,64,46,27,12,105]
F38:[163,8,126,82,37,11,5,111]
F39:[154,16,128,182,61,2,4,113]
=== SAMPLE 27 STOP ===
