=== SAMPLE 18 (Fire) START ===
F0:[63,77,126,64,17,18,5,102]
F1:[63,76,126,248,58,7,9,106]
F2:[122,55,132,218,9,5,0,98]
F3:[69,61,126,104,9,4,1,111]
F4:[69,46,134,182,18,3,12,109]
F5:[68,56,128,24,51,4,15,109]
F6:[66,57,126,92,50,24,9,109]
F7:[72,47,122,212,62,1,6,104]
F8:[79,38,124,86,2,10,10,108]
F9:[78,38,130,220,18,0,10,103]
F10:[85,64,124,4,3,33,8,109]
F11:[69,77,126,136,56,7,2,108]
F12:[59,73,130,204,7,16,1,103]
F13:[71,43,130,168,18,0,6,105]
F14:[71,76,130,64,35,32,0,108]
F15:[69,52,126,128,44,27,14,105]
F16:[69,55,128,28,39,29,13,107]
F17:[62,61,126,6,11,22,11,101]
F18:[104,38,128,118,24,30,12,113]
F19:[80,33,128,16,26,22,5,104]
F20:[117,26,128,104,29,0,7,112]
F21:[144,16,124,114,51,12,16,109]
F22:[179,12,128,4,1,4,13,112]
F23:[155,24,124,144,29,19,11,102]
F24:[162,16,130,10,58,14,14,107]
F25:[166,34,126,214,31,12,11,106]
F26:[196,37,126,106,41,33,8,104]
F27:[193,23,124,44,33,0,0,101]
F28:[186,44,126,166,62,34,15,99]
F29:[185,44,128,52,21,25,12,105]
F30:[170,28,128,150,11,15,13,108]
F31:[146,15,124,246,37,12,11,106]
F32:[144,15,130,114,43,2,3,116]
F33:[144,33,124,28,46,19,15,101]
F34:[149,42,130,16,22,23,8,102]
F35:[168,21,128,48,33,4,0,110]
F36:[193,21,128,232,35,6,16,105]
F37:[194,37,122,172,59,26,16,103]
F38:[184,43,128,152,13,26,11,108]
F39:[187,41,126,188,4,32,16,108]
=== SAMPLE 18 STOP ===
