=== SAMPLE 28 (Fire) START ===
F0:[68,61,126,172,39,22,2,109]
F1:[68,64,126,76,14,30,12,105]
F2:[82,64,128,92,57,28,4,111]
F3:[68,69,126,108,30,24,16,108]
F4:[63,70,130,230,41,20,3,110]
F5:[96,74,128,62,53,28,11,103]
F6:[86,63,124,38,16,35,5,104]
F7:[75,54,128,198,27,29,2,106]
F8:[72,35,126,242,46,20,2,102]
F9:[104,66,126,178,34,1,7,103]
F10:[76,55,124,4,5,27,14,109]
F11:[70,56,122,58,32,30,13,101]
F12:[70,61,126,94,36,14,6,102]
F13:[78,88,132,150,10,29,7,109]
F14:[76,88,126,80,53,12,8,102]
F15:[84,64,118,148,13,1,1,98]
F16:[87,62,130,158,54,34,16,108]
F17:[89,66,132,144,39,23,6,110]
F18:[69,36,128,18,35,4,10,110]
F19:[70,37,128,192,38,30,9,110]
F20:[115,22,126,126,10,23,1,103]
F21:[155,16,124,192,41,4,11,102]
F22:[153,15,126,66,9,36,5,104]
F23:[156,30,128,182,63,9,8,110]
F24:[157,24,122,70,8,22,2,102]
F25:[154,28,128,56,18,1,3,111]
F26:[164,7,128,132,51,27,16,106]
F27:[166,7,128,114,46,27,12,112]
F28:[179,8,122,32,18,32,2,102]
F29:[157,10,130,180,13,0,13,106]
F30:[173,10,126,236,7,25,2,103]
F31:[154,15,124,100,17,13,12,109]
F32:[153,15,128,110,22,3,3,113]
F33:[150,25,130,50,37,31,5,106]
F34:[156,26,124,64,23,6,8,106]
F35:[158,21,126,66,23,10,17,100]
F36:[166,7,128,32,12,32,14,103]
F37:[170,15,126,160,29,0,5,108]
F38:[173,8,126,218,8,23,13,109]
F39:[181,6,126,250,48,2,13,103]
=== SAMPLE 28 STOP ===
