=== SAMPLE 3 (Fire) START ===
F0:[192,67,126,166,37,33,5,102]
F1:[193,73,126,204,37,35,13,108]
F2:[180,49,128,112,48,28,9,104]
F3:[163,28,126,114,35,36,12,101]
F4:[82,27,126,168,59,29,13,108]
F5:[63,76,128,204,59,15,11,106]
F6:[65,70,128,192,15,23,16,105]
F7:[71,68,128,124,38,6,12,100]
F8:[84,49,128,46,6,8,10,105]
F9:[83,44,126,84,52,7,3,104]
F10:[167,57,128,94,34,6,10,105]
F11:[194,56,128,174,47,31,14,111]
F12:[182,55,130,50,28,27,10,109]
F13:[81,30,126,202,51,26,9,108]
F14:[125,38,124,200,36,35,4,103]
F15:[103,55,128,162,6,16,6,102]
F16:[64,72,126,130,11,6,7,105]
F17:[65,70,130,248,22,5,6,115]
F18:[86,43,122,18,57,24,10,103]
F19:[83,49,124,222,61,27,1,103]
F20:[133,25,134,192,30,13,4,102]
F21:[179,7,128,152,22,22,1,105]
F22:[178,10,132,226,28,3,16,105]
F23:[190,34,130,174,30,24,7,110]
F24:[186,20,126,172,1,31,11,105]
F25:[189,33,126,192,3,28,10,105]
F26:[190,24,128,6,21,12,11,102]
F27:[192,43,126,54,5,3,11,112]
F28:[184,15,132,248,47,0,8,110]
F29:[183,30,124,194,56,15,11,101]
F30:[184,17,128,174,23,12,13,109]
F31:[178,7,124,138,47,17,3,107]
F32:[177,7,126,76,24,12,14,106]
F33:[184,12,130,204,38,20,6,109]
F34:[191,38,128,168,30,1,14,111]
F35:[186,16,128,132,5,18,11,107]
F36:[192,39,126,102,56,15,0,106]
F37:[191,37,126,208,23,30,14,110]
F38:[188,29,128,224,48,36,8,104]
F39:[185,19,128,102,36,27,8,104]
=== SAMPLE 3 STOP ===
