=== SAMPLE 22 (Fire) START ===
F0:[193,67,130,106,0,23,12,113]
F1:[194,74,126,128,29,0,8,109]
F2:[141,58,126,154,57,9,6,106]
F3:[70,44,128,16,12,31,0,100]
F4:[149,80,128,126,55,7,3,102]
F5:[80,55,130,226,50,23,1,111]
F6:[66,46,130,232,34,21,11,110]
F7:[68,51,126,144,57,1,13,102]
F8:[75,60,132,204,21,33,7,111]
F9:[71,54,130,238,34,15,7,103]
F10:[161,65,128,36,45,34,15,109]
F11:[193,66,130,160,24,20,8,106]
F12:[193,69,128,214,38,1,5,115]
F13:[78,47,134,166,17,25,1,111]
F14:[73,45,124,108,61,17,8,109]
F15:[68,47,128,54,39,26,7,104]
F16:[67,44,122,122,63,19,1,101]
F17:[67,51,130,92,2,32,8,109]
F18:[71,50,124,154,37,2,2,99]
F19:[72,59,130,94,18,24,5,113]
F20:[80,45,122,84,51,35,2,96]
F21:[102,23,128,144,19,32,10,104]
F22:[103,24,126,152,53,12,9,107]
F23:[104,44,128,250,16,24,12,100]
F24:[90,41,126,152,4,26,13,101]
F25:[112,24,128,238,50,13,0,107]
F26:[121,23,124,16,39,16,3,101]
F27:[125,23,120,66,62,6,16,106]
F28:[123,36,126,186,8,1,9,103]
F29:[141,17,124,50,28,13,9,105]
F30:[127,17,130,132,60,35,7,105]
F31:[103,24,126,246,2,32,15,103]
F32:[101,23,128,202,55,5,13,103]
F33:[104,26,124,104,51,32,5,104]
F34:[106,28,126,148,25,30,1,104]
F35:[93,51,130,226,26,17,6,111]
F36:[125,25,128,100,36,18,15,107]
F37:[121,21,124,74,55,24,13,108]
F38:[137,24,124,44,33,19,2,99]
F39:[122,31,124,30,28,13,13,97]
=== SAMPLE 22 STOP ===
