=== SAMPLE 14 (Fire) START ===
F0:[88,67,132,230,21,7,4,105]
F1:[119,52,128,222,31,9,16,114]
F2:[76,50,132,166,37,35,5,110]
F3:[82,64,122,48,63,13,16,104]
F4:[93,60,130,208,7,16,7,106]
F5:[87,57,130,122,50,0,10,110]
F6:[73,61,132,110,44,32,2,106]
F7:[73,58,132,238,56,33,2,103]
F8:[67,55,126,66,31,3,10,103]
F9:[94,40,134,186,25,12,12,108]
F10:[70,37,124,58,41,25,8,103]
F11:[68,44,132,74,39,14,2,104]
F12:[64,57,128,32,50,20,1,107]
F13:[90,69,124,188,1,9,14,99]
F14:[82,57,122,160,22,10,16,104]
F15:[82,66,130,94,64,24,13,109]
F16:[80,56,128,164,50,27,3,107]
F17:[73,68,124,92,15,22,14,106]
F18:[60,43,124,218,47,6,5,108]
F19:[61,41,132,188,21,27,14,103]
F20:[127,23,126,158,57,18,2,100]
F21:[138,15,126,88,30,24,14,105]
F22:[139,15,128,238,48,7,2,101]
F23:[154,15,126,66,56,32,10,105]
F24:[135,26,130,238,27,2,4,108]
F25:[160,11,124,94,22,20,9,102]
F26:[175,8,126,12,53,12,13,109]
F27:[172,7,128,196,46,9,14,111]
F28:[169,26,128,234,57,11,5,110]
F29:[191,42,128,198,28,31,11,105]
F30:[176,33,124,90,45,36,1,103]
F31:[139,15,132,212,42,25,1,107]
F32:[142,15,128,228,43,28,4,107]
F33:[148,17,124,118,52,32,16,111]
F34:[155,15,128,6,38,0,8,104]
F35:[158,15,126,116,55,23,3,109]
F36:[172,7,124,56,49,30,7,106]
F37:[173,7,124,152,57,11,14,105]
F38:[184,32,132,200,30,23,4,113]
F39:[190,43,130,250,32,36,11,102]
=== SAMPLE 14 STOP ===
