=== SAMPLE 14 (Vault) START ===
F0:[60,32,130,150,18,32,8,105]
F1:[63,40,126,186,30,12,15,104]
F2:[112,85,126,156,41,2,8,100]
F3:[70,76,122,52,38,33,16,107]
F4:[70,72,128,246,5,28,15,101]
F5:[77,58,124,4,13,2,3,103]
F6:[134,76,126,78,7,18,8,102]
F7:[87,44,124,238,28,8,0,103]
F8:[111,29,126,168,43,25,5,107]
F9:[112,30,130,174,17,8,11,99]
F10:[74,36,128,12,24,0,11,102]
F11:[64,34,124,70,52,5,0,111]
F12:[68,40,128,250,49,25,14,111]
F13:[78,69,128,46,46,19,9,101]
F14:[80,56,128,56,48,5,0,104]
F15:[75,62,128,94,32,3,6,111]
F16:[78,53,128,196,40,20,15,103]
F17:[78,53,128,168,44,9,0,110]
F18:[98,29,130,16,39,16,4,107]
F19:[110,24,124,134,12,22,0,107]
F20:[152,44,130,222,19,15,14,104]
F21:[191,44,124,164,24,9,9,99]
F22:[189,47,122,18,0,28,15,102]
F23:[192,60,128,200,58,23,5,109]
F24:[191,48,128,188,62,22,0,107]
F25:[190,56,128,224,50,24,16,105]
F26:[190,24,124,72,54,0,13,104]
F27:[188,12,124,156,49,31,7,105]
F28:[186,12,122,30,58,18,5,108]
F29:[192,29,124,36,45,26,0,104]
F30:[193,37,128,122,44,10,4,105]
F31:[190,46,126,244,46,9,8,105]
F32:[191,49,128,132,36,19,4,103]
F33:[189,48,126,48,56,16,0,104]
F34:[192,79,126,192,45,27,9,108]
F35:[191,48,124,198,49,14,12,105]
F36:[188,12,128,194,23,21,2,108]
F37:[192,17,128,188,7,30,0,113]
F38:[188,41,126,120,63,9,14,107]
F39:[186,12,128,220,39,17,15,106]
=== SAMPLE 14 STOP ===
