=== SAMPLE 25 (Vault) START ===
F0:[162,16,124,84,49,33,1,110]
F1:[162,15,128,26,45,18,3,110]
F2:[159,33,124,102,37,16,14,106]
F3:[156,15,128,40,39,4,1,103]
F4:[155,19,128,236,6,21,9,107]
F5:[72,42,128,250,38,15,14,109]
F6:[65,36,122,150,39,10,5,107]
F7:[68,52,130,32,21,22,13,113]
F8:[76,51,128,152,58,34,10,111]
F9:[90,89,126,56,15,25,5,106]
F10:[143,22,130,106,27,11,4,113]
F11:[160,15,126,10,57,3,0,104]
F12:[160,14,128,136,41,8,3,115]
F13:[155,32,128,4,12,29,8,105]
F14:[157,23,122,40,57,11,14,102]
F15:[98,35,128,224,12,22,5,101]
F16:[63,37,128,84,41,35,4,115]
F17:[67,73,128,210,4,31,4,102]
F18:[81,53,130,242,32,7,5,112]
F19:[76,52,126,174,50,35,13,110]
F20:[139,48,130,240,30,30,9,110]
F21:[193,44,128,134,60,21,11,110]
F22:[192,24,128,214,58,35,3,103]
F23:[194,38,128,82,28,29,14,103]
F24:[191,24,130,146,48,3,11,111]
F25:[178,64,124,92,29,9,15,105]
F26:[189,66,128,210,61,36,1,111]
F27:[190,70,126,148,53,19,4,110]
F28:[189,61,120,106,3,15,2,100]
F29:[190,53,126,242,48,3,8,108]
F30:[194,80,128,174,7,0,7,101]
F31:[191,24,124,108,42,2,8,104]
F32:[194,43,128,124,59,36,12,109]
F33:[178,67,130,56,19,13,2,110]
F34:[193,35,126,144,47,33,2,113]
F35:[191,35,128,162,17,32,15,105]
F36:[190,73,122,126,0,8,1,97]
F37:[190,61,130,212,52,18,15,107]
F38:[191,69,130,246,55,24,6,109]
F39:[193,76,126,60,39,19,17,99]
=== SAMPLE 25 STOP ===
