=== SAMPLE 12 (Vault) START ===
F0:[160,20,132,126,6,14,17,103]
F1:[161,17,126,160,32,15,10,106]
F2:[163,46,126,116,36,2,7,109]
F3:[169,15,126,70,6,2,13,108]
F4:[171,17,124,102,34,9,5,108]
F5:[84,39,124,142,64,24,6,100]
F6:[89,49,128,18,5,4,12,106]
F7:[78,37,124,56,51,23,10,105]
F8:[93,40,124,132,56,33,4,104]
F9:[110,59,128,126,1,27,12,110]
F10:[144,27,130,136,0,15,7,111]
F11:[162,20,128,178,60,13,8,98]
F12:[165,19,130,196,61,34,12,108]
F13:[160,33,128,12,28,18,12,106]
F14:[163,20,128,210,28,15,8,106]
F15:[109,31,122,186,4,25,15,101]
F16:[76,35,126,134,2,13,8,116]
F17:[75,51,126,24,19,31,10,102]
F18:[93,47,124,58,40,2,2,110]
F19:[92,38,124,124,5,19,3,111]
F20:[148,49,126,176,45,35,5,107]
F21:[195,51,124,150,1,8,2,107]
F22:[194,48,124,32,40,33,14,108]
F23:[193,51,128,90,52,10,4,101]
F24:[193,52,128,24,22,30,15,104]
F25:[189,28,122,110,3,3,2,95]
F26:[190,25,130,128,26,5,8,100]
F27:[190,15,126,212,58,26,15,110]
F28:[190,48,126,88,47,30,9,105]
F29:[190,60,124,92,2,26,11,109]
F30:[190,46,126,96,51,23,14,103]
F31:[195,52,122,88,12,22,7,106]
F32:[194,51,128,144,48,5,14,104]
F33:[191,56,126,146,0,8,13,106]
F34:[192,43,126,144,50,32,7,106]
F35:[194,61,128,26,55,3,1,101]
F36:[190,15,130,104,42,19,10,101]
F37:[191,25,130,74,14,33,13,108]
F38:[189,30,126,178,1,17,7,104]
F39:[190,60,130,122,26,23,16,110]
=== SAMPLE 12 STOP ===
