=== SAMPLE 19 (Vault) START ===
F0:[172,30,132,246,23,26,10,107]
F1:[174,28,128,92,33,21,12,110]
F2:[165,12,126,136,30,4,12,102]
F3:[162,7,132,166,61,17,12,103]
F4:[164,25,120,26,46,2,8,103]
F5:[169,25,122,30,3,4,9,103]
F6:[167,20,126,122,17,30,12,101]
F7:[146,31,126,242,10,7,2,109]
F8:[127,47,128,18,27,15,14,114]
F9:[128,26,126,50,40,30,2,105]
F10:[152,20,124,164,49,22,0,109]
F11:[171,15,124,88,62,17,1,104]
F12:[170,21,130,136,32,22,13,107]
F13:[165,17,130,242,42,8,7,102]
F14:[162,7,126,44,17,11,2,104]
F15:[166,19,128,230,20,35,13,103]
F16:[168,23,126,46,40,14,14,103]
F17:[165,25,132,208,39,1,10,108]
F18:[89,32,132,132,43,17,8,112]
F19:[97,37,126,184,57,9,7,103]
F20:[176,25,128,70,4,35,10,106]
F21:[190,15,126,70,11,22,9,104]
F22:[190,15,130,90,44,29,0,106]
F23:[193,24,126,42,19,30,0,100]
F24:[181,69,122,88,37,7,1,103]
F25:[194,33,132,158,26,14,15,108]
F26:[194,25,126,6,9,9,11,103]
F27:[194,43,128,154,4,26,4,112]
F28:[177,48,124,202,50,29,7,102]
F29:[189,55,128,152,34,15,10,106]
F30:[189,43,126,158,41,36,16,106]
F31:[190,15,126,62,7,4,15,104]
F32:[188,28,126,46,61,4,11,104]
F33:[193,28,128,182,25,31,1,109]
F34:[194,17,128,42,55,9,10,104]
F35:[192,15,130,148,0,34,6,114]
F36:[194,43,126,112,44,15,0,103]
F37:[195,33,128,52,54,21,10,103]
F38:[191,48,124,116,51,35,12,101]
F39:[188,55,128,124,34,19,0,109]
=== SAMPLE 19 STOP ===
