=== SAMPLE 2 (Vault) START ===
F0:[161,8,124,192,3,10,3,99]
F1:[160,7,130,198,48,32,2,109]
F2:[160,16,126,216,16,11,8,104]
F3:[151,23,126,210,51,30,2,107]
F4:[144,7,128,6,8,20,12,101]
F5:[80,21,128,20,22,27,12,101]
F6:[59,25,126,148,31,28,15,108]
F7:[60,35,128,112,34,20,12,100]
F8:[60,52,122,22,64,13,2,98]
F9:[62,55,126,206,46,5,16,102]
F10:[160,11,126,74,41,26,2,110]
F11:[160,29,122,84,3,26,13,109]
F12:[156,7,128,218,36,14,4,102]
F13:[146,7,124,38,29,33,5,107]
F14:[157,25,126,114,36,23,0,113]
F15:[92,16,122,62,11,34,8,101]
F16:[69,23,126,12,49,27,6,98]
F17:[57,36,130,92,26,20,6,112]
F18:[91,42,128,158,36,34,12,102]
F19:[57,51,126,138,52,21,16,99]
F20:[129,42,130,150,36,14,6,105]
F21:[193,25,122,100,60,7,0,111]
F22:[191,44,124,168,47,4,4,103]
F23:[191,37,128,36,61,33,2,107]
F24:[190,35,130,214,38,32,13,98]
F25:[189,33,132,176,1,4,16,102]
F26:[193,73,124,124,52,34,15,106]
F27:[191,52,126,236,53,34,3,99]
F28:[192,57,126,206,54,22,1,112]
F29:[188,47,126,38,25,24,16,109]
F30:[186,38,124,122,4,1,15,106]
F31:[193,37,124,28,28,9,13,104]
F32:[192,32,124,224,44,20,10,108]
F33:[192,47,126,138,37,36,11,104]
F34:[190,47,128,40,16,25,13,103]
F35:[190,35,126,24,40,21,8,102]
F36:[191,52,130,186,30,6,6,107]
F37:[192,71,126,218,4,6,16,105]
F38:[185,64,126,86,8,24,8,110]
F39:[192,48,128,76,32,16,1,104]
=== SAMPLE 2 STOP ===
