=== SAMPLE 3 (Vault) START ===
F0:[165,23,128,104,12,24,7,104]
F1:[165,17,124,96,24,1,13,98]
F2:[122,33,126,222,44,14,3,105]
F3:[130,53,128,134,37,27,17,108]
F4:[57,57,128,142,10,26,10,107]
F5:[57,49,126,56,24,29,2,102]
F6:[56,53,128,30,23,21,8,96]
F7:[61,55,128,234,61,34,16,104]
F8:[92,56,128,16,28,6,10,109]
F9:[95,61,124,50,20,33,13,107]
F10:[147,30,130,14,23,17,8,107]
F11:[157,105,128,110,33,13,6,102]
F12:[150,24,124,154,4,34,15,100]
F13:[55,53,128,162,41,27,15,110]
F14:[63,55,128,180,60,22,3,110]
F15:[86,43,126,226,12,24,14,99]
F16:[56,49,124,130,37,11,4,104]
F17:[59,46,128,20,29,34,2,102]
F18:[97,59,124,124,49,26,0,105]
F19:[100,69,130,148,31,1,13,102]
F20:[141,54,126,240,32,14,12,97]
F21:[190,46,124,30,53,30,15,104]
F22:[192,61,128,76,14,23,6,106]
F23:[177,66,126,64,53,23,12,106]
F24:[191,107,128,70,41,34,1,107]
F25:[192,89,130,14,47,19,10,105]
F26:[193,58,130,214,8,20,12,111]
F27:[192,51,132,216,27,1,2,105]
F28:[191,47,130,66,11,35,6,113]
F29:[192,53,126,106,57,29,9,109]
F30:[191,46,126,10,14,11,11,104]
F31:[189,53,126,146,51,36,16,111]
F32:[191,51,126,250,8,0,10,102]
F33:[190,99,128,20,53,4,6,110]
F34:[174,53,124,10,9,31,9,102]
F35:[181,58,128,38,44,25,8,111]
F36:[193,66,124,122,35,24,12,106]
F37:[193,56,130,126,48,36,5,116]
F38:[192,67,124,240,12,13,5,106]
F39:[191,49,122,82,3,13,2,103]
=== SAMPLE 3 STOP ===
