=== SAMPLE 15 (Vault) START ===
F0:[154,7,124,106,54,16,17,103]
F1:[156,8,134,84,15,31,7,113]
F2:[157,10,132,208,2,33,2,108]
F3:[162,10,130,244,17,23,12,105]
F4:[160,7,124,156,56,25,4,105]
F5:[175,17,126,238,58,15,10,107]
F6:[174,21,128,244,29,6,0,105]
F7:[133,58,126,66,48,36,12,100]
F8:[40,83,126,22,26,14,3,106]
F9:[39,79,126,30,40,2,3,105]
F10:[127,23,126,108,4,1,0,107]
F11:[151,34,128,180,21,21,2,113]
F12:[156,7,126,58,58,27,1,111]
F13:[161,7,126,148,30,11,4,114]
F14:[164,11,130,212,24,34,13,106]
F15:[168,17,126,56,31,26,12,101]
F16:[175,17,128,38,52,24,6,104]
F17:[164,26,126,244,45,24,2,101]
F18:[79,61,126,14,53,6,6,96]
F19:[67,78,128,150,51,5,7,103]
F20:[116,36,124,10,35,15,6,106]
F21:[189,7,130,246,25,29,16,105]
F22:[189,8,126,60,28,12,1,107]
F23:[184,45,120,36,47,16,5,106]
F24:[191,28,124,54,58,35,8,106]
F25:[192,44,126,78,12,16,7,108]
F26:[195,56,126,100,19,18,7,101]
F27:[195,70,124,144,6,26,12,111]
F28:[188,80,128,88,54,34,5,110]
F29:[182,76,124,112,2,5,2,100]
F30:[173,33,130,206,46,6,12,104]
F31:[189,7,128,50,52,2,12,106]
F32:[188,7,126,114,55,32,1,99]
F33:[192,33,128,168,54,23,10,104]
F34:[185,52,130,220,59,27,10,111]
F35:[190,30,126,114,23,1,2,101]
F36:[195,67,128,248,45,31,2,107]
F37:[194,58,128,48,32,14,1,100]
F38:[177,51,128,136,41,26,14,110]
F39:[187,94,122,76,63,9,0,105]
=== SAMPLE 15 STOP ===
