=== SAMPLE 29 (Vault) START ===
F0:[146,12,130,60,5,8,6,100]
F1:[146,8,124,152,55,29,0,108]
F2:[153,43,122,84,34,0,8,101]
F3:[150,8,130,234,42,30,4,111]
F4:[149,7,128,118,53,20,5,107]
F5:[64,32,124,4,19,19,0,108]
F6:[75,56,132,92,28,7,16,113]
F7:[50,45,124,36,59,30,7,114]
F8:[54,54,126,134,25,26,9,105]
F9:[99,85,134,238,26,9,10,102]
F10:[137,15,130,192,47,20,10,105]
F11:[143,7,128,156,33,2,12,111]
F12:[145,8,124,50,28,11,12,101]
F13:[150,20,126,124,11,9,14,108]
F14:[154,28,128,66,10,1,1,106]
F15:[88,26,128,50,61,21,9,111]
F16:[51,41,126,246,56,28,0,98]
F17:[51,46,126,196,34,30,7,105]
F18:[77,69,130,196,21,9,8,110]
F19:[54,56,124,134,50,32,1,106]
F20:[126,55,126,226,18,17,11,105]
F21:[195,65,126,218,41,12,13,104]
F22:[194,60,130,196,25,23,14,111]
F23:[194,66,130,232,7,25,14,111]
F24:[193,70,126,38,59,23,9,105]
F25:[194,57,128,178,19,26,11,112]
F26:[195,89,126,206,61,32,5,104]
F27:[196,93,128,24,47,10,10,112]
F28:[193,71,130,24,35,12,2,108]
F29:[179,69,128,136,0,33,16,109]
F30:[193,62,122,24,42,13,2,95]
F31:[195,60,130,66,18,17,2,102]
F32:[194,57,128,102,30,17,4,109]
F33:[190,38,128,174,20,19,13,107]
F34:[194,61,128,32,38,0,7,109]
F35:[194,71,132,212,33,32,11,105]
F36:[196,96,128,140,32,28,5,112]
F37:[194,60,126,4,20,20,15,106]
F38:[194,75,124,100,16,16,10,103]
F39:[194,61,126,80,63,13,15,112]
=== SAMPLE 29 STOP ===
