=== SAMPLE 8 (Vault) START ===
F0:[137,7,126,32,39,32,13,106]
F1:[139,8,130,32,19,22,8,109]
F2:[142,10,126,108,40,13,5,115]
F3:[165,16,128,188,34,28,11,111]
F4:[149,16,126,168,43,6,9,107]
F5:[54,46,132,216,24,27,11,106]
F6:[45,51,122,64,47,33,16,103]
F7:[47,68,124,58,62,21,6,103]
F8:[70,56,126,78,54,13,11,104]
F9:[66,54,126,236,2,7,6,109]
F10:[126,19,124,60,11,26,2,102]
F11:[146,78,124,194,38,3,14,98]
F12:[144,11,130,144,51,26,4,108]
F13:[148,15,128,114,37,31,10,107]
F14:[146,15,124,82,1,10,4,107]
F15:[84,36,128,146,31,27,4,106]
F16:[44,51,124,176,39,9,10,102]
F17:[45,54,128,116,32,13,7,104]
F18:[68,52,124,154,36,25,4,99]
F19:[62,74,126,116,59,1,13,110]
F20:[134,27,128,206,31,12,13,106]
F21:[192,0,130,30,46,29,3,100]
F22:[191,0,126,136,54,3,4,101]
F23:[192,29,122,120,52,13,13,105]
F24:[193,46,128,108,26,1,16,112]
F25:[191,44,124,86,64,35,4,103]
F26:[186,7,126,116,24,3,15,108]
F27:[189,17,126,32,13,21,10,98]
F28:[184,23,128,68,44,25,7,110]
F29:[184,17,126,12,58,18,15,106]
F30:[187,21,130,154,33,21,1,100]
F31:[190,21,126,100,62,32,12,109]
F32:[191,0,124,108,63,2,1,103]
F33:[193,41,126,24,25,27,8,102]
F34:[192,60,126,204,6,0,11,103]
F35:[191,42,130,86,64,27,0,110]
F36:[187,15,130,94,29,8,13,113]
F37:[186,10,126,90,12,4,4,106]
F38:[188,35,130,58,35,14,14,107]
F39:[186,35,128,190,30,17,8,110]
=== SAMPLE 8 STOP ===
