=== SAMPLE 20 (Vault) START ===
F0:[189,65,130,150,34,20,8,107]
F1:[190,34,130,250,63,16,16,113]
F2:[176,23,128,4,60,20,16,107]
F3:[164,38,128,182,32,7,0,110]
F4:[160,29,126,236,0,34,9,110]
F5:[150,7,126,118,37,19,15,105]
F6:[153,8,130,86,46,18,7,110]
F7:[149,25,130,230,14,36,4,109]
F8:[66,25,126,124,35,9,4,108]
F9:[65,24,130,148,2,6,4,103]
F10:[161,23,128,132,9,30,16,108]
F11:[178,76,126,168,41,7,10,105]
F12:[184,24,130,204,51,31,2,104]
F13:[154,10,128,222,57,31,10,114]
F14:[154,12,128,150,36,29,4,107]
F15:[158,14,128,24,38,6,2,106]
F16:[153,7,120,222,57,27,8,101]
F17:[145,11,130,146,48,23,11,115]
F18:[65,22,130,132,4,0,7,113]
F19:[111,27,128,186,6,15,1,107]
F20:[128,16,134,122,46,23,11,111]
F21:[184,11,130,180,43,35,5,107]
F22:[184,11,126,82,35,4,0,110]
F23:[154,45,128,78,37,0,12,113]
F24:[193,29,130,170,39,13,4,110]
F25:[193,32,126,72,7,17,9,106]
F26:[192,26,130,190,3,8,16,103]
F27:[193,30,128,82,13,6,11,111]
F28:[184,33,126,174,22,21,9,113]
F29:[177,30,126,116,54,31,11,105]
F30:[182,46,126,24,15,23,6,111]
F31:[186,23,128,98,25,5,13,106]
F32:[184,12,132,80,34,8,2,114]
F33:[191,29,126,20,36,5,0,100]
F34:[154,48,130,250,28,11,12,101]
F35:[181,28,124,164,1,0,6,102]
F36:[194,28,126,56,28,7,0,108]
F37:[192,32,128,110,50,33,12,107]
F38:[175,33,124,208,6,3,12,100]
F39:[184,37,130,222,28,26,11,107]
=== SAMPLE 20 STOP ===
