=== SAMPLE 5 (Vault) START ===
F0:[137,10,124,218,39,35,10,101]
F1:[150,59,128,82,47,34,12,107]
F2:[136,14,126,218,16,36,5,103]
F3:[135,12,126,30,5,7,14,101]
F4:[138,19,124,10,60,13,13,102]
F5:[49,84,124,156,3,13,8,104]
F6:[37,78,126,34,49,32,15,101]
F7:[42,68,130,218,51,13,10,116]
F8:[62,53,124,180,10,16,8,101]
F9:[98,61,128,114,42,19,0,104]
F10:[116,14,128,150,35,26,5,99]
F11:[137,8,134,240,61,28,8,103]
F12:[135,7,124,194,43,33,14,109]
F13:[150,35,126,160,31,31,11,107]
F14:[135,15,124,148,37,3,0,105]
F15:[70,50,128,188,30,18,12,109]
F16:[36,83,126,8,23,21,10,107]
F17:[67,75,126,46,44,1,6,101]
F18:[58,52,126,20,34,15,2,111]
F19:[61,51,128,22,47,5,2,108]
F20:[143,31,128,194,59,9,0,106]
F21:[191,33,124,128,11,9,7,107]
F22:[193,28,132,208,0,36,6,107]
F23:[191,28,126,32,55,31,6,108]
F24:[178,70,128,68,50,20,15,105]
F25:[182,91,124,52,34,5,1,103]
F26:[193,78,124,64,22,31,11,104]
F27:[193,90,126,132,15,12,3,103]
F28:[177,71,124,124,42,32,15,102]
F29:[191,57,126,128,42,18,0,105]
F30:[192,37,126,16,45,12,13,103]
F31:[193,28,126,36,56,10,16,105]
F32:[191,42,130,162,33,0,2,113]
F33:[179,38,126,76,30,34,8,108]
F34:[190,29,124,50,47,19,13,105]
F35:[190,38,126,90,32,19,10,106]
F36:[193,87,130,90,26,13,16,111]
F37:[194,89,128,56,46,24,5,108]
F38:[191,62,126,82,16,12,9,103]
F39:[189,39,128,240,42,27,4,110]
=== SAMPLE 5 STOP ===
