=== SAMPLE 23 (Vault) START ===
F0:[154,7,132,240,3,36,2,97]
F1:[154,7,126,48,59,6,6,107]
F2:[158,50,122,58,43,30,12,109]
F3:[177,23,126,20,20,20,16,100]
F4:[176,24,128,100,28,34,3,107]
F5:[164,16,128,162,0,13,4,104]
F6:[158,15,128,156,49,7,11,103]
F7:[129,22,128,234,50,24,13,103]
F8:[67,50,128,36,40,29,15,106]
F9:[63,51,122,10,45,19,8,104]
F10:[146,16,130,250,41,25,17,109]
F11:[156,7,128,36,23,2,9,103]
F12:[160,10,124,14,56,9,0,97]
F13:[176,24,126,92,60,14,0,101]
F14:[161,28,126,138,41,23,16,102]
F15:[167,20,126,84,63,20,5,104]
F16:[162,11,130,158,14,7,6,113]
F17:[153,14,124,106,54,24,9,104]
F18:[78,55,128,64,51,36,0,108]
F19:[69,48,128,246,2,30,15,104]
F20:[128,50,124,240,10,0,5,101]
F21:[188,35,126,82,0,13,7,100]
F22:[189,41,128,96,12,17,11,106]
F23:[189,20,128,88,44,7,4,111]
F24:[191,33,128,172,24,16,1,110]
F25:[194,43,126,112,53,8,16,106]
F26:[195,16,128,58,11,35,14,104]
F27:[195,21,128,206,40,9,16,112]
F28:[191,41,124,64,36,5,15,115]
F29:[185,67,126,14,49,32,14,110]
F30:[183,57,126,54,11,35,16,107]
F31:[189,37,130,204,29,28,2,103]
F32:[189,41,122,140,29,24,11,102]
F33:[191,48,130,192,59,9,4,106]
F34:[190,25,130,184,40,31,7,106]
F35:[192,29,122,194,55,10,16,99]
F36:[195,24,128,228,55,2,2,116]
F37:[195,20,126,234,27,19,1,101]
F38:[191,37,128,210,41,28,0,108]
F39:[189,41,130,102,12,11,0,104]
=== SAMPLE 23 STOP ===
