=== SAMPLE 21 (Vault) START ===
F0:[143,11,130,122,5,33,1,98]
F1:[142,15,130,132,52,5,11,99]
F2:[144,20,124,158,25,33,10,99]
F3:[158,26,124,76,62,22,2,109]
F4:[130,17,128,250,53,35,10,101]
F5:[66,51,126,230,44,32,6,103]
F6:[62,52,126,68,6,4,4,105]
F7:[58,71,128,182,60,22,3,106]
F8:[76,50,130,198,54,0,13,112]
F9:[78,47,128,214,7,34,15,105]
F10:[124,24,124,248,32,29,14,92]
F11:[151,58,128,88,19,21,4,108]
F12:[146,17,128,50,31,22,11,110]
F13:[130,19,128,248,27,19,4,103]
F14:[133,21,128,240,33,20,16,103]
F15:[96,41,126,96,9,26,14,106]
F16:[62,53,126,46,64,8,3,101]
F17:[60,52,130,236,27,12,16,110]
F18:[62,63,124,244,48,30,15,101]
F19:[74,68,128,232,46,1,0,110]
F20:[134,27,130,242,24,6,5,109]
F21:[192,10,132,222,55,34,14,110]
F22:[189,6,126,16,17,35,15,101]
F23:[182,37,132,180,49,21,8,112]
F24:[195,57,126,162,38,25,0,104]
F25:[192,37,128,98,33,14,0,106]
F26:[193,32,126,30,47,33,10,106]
F27:[192,32,130,232,22,17,11,111]
F28:[194,73,132,32,37,3,6,104]
F29:[192,56,124,96,26,34,6,108]
F30:[184,61,124,206,2,20,14,108]
F31:[189,6,126,44,50,34,4,105]
F32:[192,7,126,126,32,5,14,108]
F33:[192,43,130,158,42,13,13,106]
F34:[188,39,126,220,61,29,9,103]
F35:[193,46,126,240,8,3,11,105]
F36:[193,34,124,126,26,18,2,110]
F37:[192,32,130,140,39,31,9,107]
F38:[184,70,128,42,1,1,10,110]
F39:[194,75,126,210,4,3,4,104]
=== SAMPLE 21 STOP ===
