=== SAMPLE 10 (Vault) START ===
F0:[166,7,130,218,62,36,15,102]
F1:[169,8,128,248,3,20,10,105]
F2:[171,12,124,26,56,14,2,104]
F3:[152,25,130,76,46,32,5,99]
F4:[109,19,126,186,41,6,13,100]
F5:[60,48,128,76,48,11,13,105]
F6:[60,51,126,168,34,18,13,108]
F7:[105,66,126,190,63,2,1,105]
F8:[68,73,130,170,26,17,7,108]
F9:[71,72,128,156,32,16,13,105]
F10:[157,20,130,246,34,21,1,105]
F11:[168,17,126,142,62,28,2,109]
F12:[162,11,124,64,30,8,11,101]
F13:[105,19,130,98,5,2,7,109]
F14:[164,17,128,174,36,12,7,107]
F15:[72,45,126,218,44,10,2,108]
F16:[62,49,128,42,33,28,1,104]
F17:[60,52,128,34,13,26,5,111]
F18:[93,57,128,30,20,10,14,100]
F19:[80,64,132,12,38,0,11,112]
F20:[137,52,130,200,13,36,15,105]
F21:[194,42,128,18,59,6,10,112]
F22:[192,29,128,160,18,13,9,106]
F23:[176,48,128,10,40,27,7,104]
F24:[190,26,128,6,5,5,7,115]
F25:[191,28,126,24,7,5,13,102]
F26:[194,64,130,98,52,35,7,104]
F27:[194,47,128,92,27,13,4,102]
F28:[193,80,128,16,52,12,1,108]
F29:[192,76,126,166,1,27,11,103]
F30:[188,65,128,56,29,0,1,104]
F31:[193,33,130,120,28,22,12,103]
F32:[193,35,128,114,1,13,9,110]
F33:[184,51,126,174,19,6,3,106]
F34:[169,39,130,142,36,35,12,109]
F35:[190,25,124,94,36,34,13,104]
F36:[194,51,126,28,42,15,9,99]
F37:[194,56,132,124,15,25,16,105]
F38:[190,75,126,232,62,28,14,112]
F39:[193,74,130,124,2,15,9,114]
=== SAMPLE 10 STOP ===
