=== SAMPLE 22 (Vault) START ===
F0:[146,12,124,14,61,9,6,104]
F1:[159,57,122,134,17,2,1,107]
F2:[109,34,126,80,42,17,8,109]
F3:[63,66,126,82,43,23,4,103]
F4:[61,69,124,36,54,26,2,105]
F5:[76,40,126,128,27,20,3,108]
F6:[60,49,128,188,39,7,7,101]
F7:[73,52,126,72,44,7,9,106]
F8:[98,58,130,148,32,12,15,105]
F9:[79,63,130,68,33,11,1,112]
F10:[131,22,128,238,52,19,11,106]
F11:[146,12,124,144,56,6,14,107]
F12:[149,14,126,146,34,7,7,102]
F13:[120,34,128,74,63,30,16,107]
F14:[59,66,126,38,7,20,14,112]
F15:[61,54,126,60,38,33,3,108]
F16:[60,45,126,86,55,2,9,106]
F17:[98,53,128,130,54,6,5,112]
F18:[101,57,124,50,9,24,8,108]
F19:[101,58,124,52,30,25,11,107]
F20:[145,72,126,224,56,25,6,105]
F21:[192,64,130,130,24,19,13,111]
F22:[194,69,128,250,53,26,0,108]
F23:[188,25,126,98,58,7,13,110]
F24:[192,41,126,152,62,25,4,104]
F25:[192,29,128,178,52,30,2,112]
F26:[190,20,124,48,58,9,8,109]
F27:[191,25,122,14,30,14,6,100]
F28:[193,58,128,242,50,10,13,110]
F29:[191,43,126,92,17,34,6,103]
F30:[190,29,126,174,26,2,8,106]
F31:[195,73,124,198,60,33,6,105]
F32:[193,61,124,44,43,3,16,101]
F33:[192,56,120,12,6,23,2,101]
F34:[188,23,124,52,2,9,11,101]
F35:[190,34,126,66,60,35,8,104]
F36:[191,23,124,112,23,10,2,104]
F37:[190,23,122,70,46,22,7,104]
F38:[189,28,132,220,44,27,9,111]
F39:[189,29,128,174,54,11,16,108]
=== SAMPLE 22 STOP ===
