=== SAMPLE 16 (Vault) START ===
F0:[141,7,130,46,21,12,1,105]
F1:[143,8,128,200,8,34,10,110]
F2:[145,10,130,246,53,12,7,113]
F3:[157,20,130,204,42,34,1,105]
F4:[156,10,128,152,37,35,9,110]
F5:[165,23,128,156,51,0,8,106]
F6:[160,25,128,66,43,9,6,109]
F7:[130,32,128,128,11,13,2,104]
F8:[55,60,128,116,48,1,3,108]
F9:[55,59,126,208,35,6,2,99]
F10:[149,28,130,208,45,34,10,106]
F11:[141,7,126,126,8,22,9,110]
F12:[145,7,130,234,56,19,11,110]
F13:[157,12,126,128,5,6,15,109]
F14:[155,15,126,78,47,13,13,111]
F15:[160,17,124,204,0,34,13,102]
F16:[166,21,128,42,51,24,4,103]
F17:[154,19,124,84,64,27,12,96]
F18:[90,70,128,134,48,15,13,109]
F19:[57,61,126,56,55,29,8,107]
F20:[114,37,128,4,28,32,14,110]
F21:[170,16,124,104,9,19,5,109]
F22:[181,32,128,112,7,23,16,115]
F23:[192,44,126,156,63,4,13,101]
F24:[194,47,128,76,44,28,9,108]
F25:[194,65,130,92,15,28,8,113]
F26:[195,15,128,224,62,21,15,105]
F27:[196,21,130,184,44,34,16,100]
F28:[193,49,126,196,59,24,0,105]
F29:[177,39,128,190,31,12,12,107]
F30:[172,32,126,30,50,35,12,103]
F31:[168,16,124,22,40,30,7,107]
F32:[171,14,126,242,14,2,1,109]
F33:[185,61,130,172,29,14,16,106]
F34:[194,57,126,58,51,1,1,108]
F35:[193,44,128,68,53,1,0,101]
F36:[196,20,124,176,5,10,9,104]
F37:[196,37,122,24,4,27,14,107]
F38:[181,30,128,130,47,6,4,106]
F39:[193,64,122,66,20,3,11,109]
=== SAMPLE 16 STOP ===
