=== SAMPLE 13 (Vault) START ===
F0:[157,12,126,140,17,30,8,107]
F1:[158,7,128,14,17,34,0,106]
F2:[165,15,126,52,59,13,11,108]
F3:[167,30,128,48,30,26,16,109]
F4:[160,7,128,242,49,1,13,115]
F5:[91,34,124,110,52,25,3,106]
F6:[84,47,128,8,53,8,10,108]
F7:[83,44,128,148,22,7,13,109]
F8:[74,71,126,20,40,7,3,108]
F9:[75,62,126,30,61,15,0,101]
F10:[160,17,132,156,60,29,16,107]
F11:[157,25,130,168,48,18,10,110]
F12:[156,8,124,32,49,30,1,103]
F13:[160,7,128,144,20,31,14,110]
F14:[171,29,128,196,31,36,15,105]
F15:[111,36,126,32,29,25,8,100]
F16:[82,39,130,166,44,29,16,102]
F17:[84,47,128,198,6,8,2,121]
F18:[121,45,126,100,41,14,12,113]
F19:[96,60,130,8,51,30,14,101]
F20:[133,46,128,58,24,22,16,107]
F21:[191,49,130,218,14,7,13,102]
F22:[189,42,126,120,11,35,1,108]
F23:[155,46,126,32,61,13,3,105]
F24:[192,23,126,164,13,20,16,103]
F25:[192,28,124,186,12,16,11,104]
F26:[195,53,128,72,40,36,11,105]
F27:[195,58,130,94,25,25,4,101]
F28:[189,46,128,140,23,17,10,106]
F29:[185,30,128,242,30,11,14,107]
F30:[182,51,130,150,17,25,9,106]
F31:[190,46,128,230,13,14,12,103]
F32:[190,37,130,218,13,0,5,106]
F33:[159,66,122,92,28,21,3,98]
F34:[138,48,128,176,17,30,6,99]
F35:[191,20,130,200,26,19,9,110]
F36:[195,64,128,130,48,32,4,107]
F37:[195,51,124,110,63,3,13,104]
F38:[185,71,128,70,5,3,14,101]
F39:[188,41,128,82,21,31,8,106]
=== SAMPLE 13 STOP ===
