=== SAMPLE 11 (Vault) START ===
F0:[187,15,130,166,53,34,0,112]
F1:[187,15,128,166,49,20,13,104]
F2:[174,60,126,144,35,15,10,101]
F3:[167,17,130,180,56,7,8,108]
F4:[166,14,128,236,54,12,6,115]
F5:[162,12,128,210,21,4,8,109]
F6:[149,32,126,132,34,8,12,112]
F7:[163,17,124,148,42,28,3,108]
F8:[177,21,124,42,6,4,5,103]
F9:[178,19,124,120,2,34,2,112]
F10:[185,23,132,222,36,3,12,112]
F11:[187,7,130,188,55,11,17,106]
F12:[183,10,132,38,50,27,12,113]
F13:[177,21,130,46,60,26,14,104]
F14:[177,28,128,30,40,8,8,105]
F15:[162,12,128,114,58,24,12,114]
F16:[161,8,124,112,18,4,4,104]
F17:[159,8,124,180,49,33,7,101]
F18:[177,30,130,230,48,21,9,120]
F19:[174,24,130,216,40,18,15,108]
F20:[147,14,122,42,18,0,13,105]
F21:[125,17,126,138,38,3,5,101]
F22:[124,14,130,246,37,35,14,105]
F23:[158,23,128,250,39,21,9,108]
F24:[166,26,128,48,18,2,15,109]
F25:[146,53,128,200,46,0,7,109]
F26:[192,38,126,198,49,30,9,106]
F27:[191,39,124,72,62,20,9,104]
F28:[190,33,126,106,57,19,12,101]
F29:[184,64,128,242,48,22,15,107]
F30:[168,25,126,56,40,34,7,114]
F31:[125,15,126,34,27,29,2,110]
F32:[122,15,128,116,49,26,6,102]
F33:[123,40,126,66,30,26,4,105]
F34:[161,21,128,188,55,35,7,111]
F35:[169,28,122,58,15,32,3,107]
F36:[191,39,128,50,49,16,9,102]
F37:[191,43,128,196,38,7,0,106]
F38:[188,34,128,214,47,0,4,107]
F39:[190,26,130,248,58,10,14,107]
=== SAMPLE 11 STOP ===
