=== SAMPLE 9 (Vault) START ===
F0:[129,23,124,10,46,26,13,105]
F1:[133,24,128,26,53,33,16,100]
F2:[134,43,128,18,40,20,12,110]
F3:[159,56,128,72,33,22,14,110]
F4:[133,7,130,228,50,26,16,107]
F5:[146,8,126,74,3,11,3,106]
F6:[145,7,124,110,50,0,8,105]
F7:[139,59,128,146,48,9,2,111]
F8:[41,44,130,200,36,18,4,106]
F9:[41,43,130,168,41,34,12,104]
F10:[110,27,122,232,48,21,9,101]
F11:[134,51,130,112,40,10,4,102]
F12:[130,20,126,158,44,14,14,106]
F13:[136,8,126,166,12,8,9,105]
F14:[153,57,128,46,41,29,0,110]
F15:[150,19,128,46,45,21,1,104]
F16:[147,8,126,158,20,28,3,107]
F17:[136,9,128,156,36,17,3,106]
F18:[120,37,128,112,64,27,9,109]
F19:[74,53,130,38,30,28,5,106]
F20:[104,27,126,144,11,10,12,103]
F21:[160,17,130,240,61,17,13,108]
F22:[161,16,124,226,41,7,13,99]
F23:[163,47,126,236,48,22,1,101]
F24:[185,15,132,194,22,31,5,109]
F25:[188,10,128,156,36,8,12,101]
F26:[189,7,124,146,63,27,4,104]
F27:[190,7,128,174,21,23,4,104]
F28:[179,12,128,220,64,16,7,109]
F29:[167,12,126,124,3,26,3,108]
F30:[158,24,132,112,38,22,7,104]
F31:[160,12,126,176,30,19,0,106]
F32:[160,16,128,184,26,33,7,104]
F33:[180,16,128,212,31,26,12,103]
F34:[166,37,130,234,45,25,17,106]
F35:[186,12,130,244,0,32,16,104]
F36:[190,7,128,68,56,5,7,110]
F37:[190,8,128,82,28,36,12,111]
F38:[172,37,128,90,11,16,2,111]
F39:[179,10,130,72,33,14,4,111]
=== SAMPLE 9 STOP ===
