=== SAMPLE 30 (Vault) START ===
F0:[169,35,128,82,51,14,5,107]
F1:[173,17,128,72,4,18,16,105]
F2:[168,19,132,156,41,11,6,111]
F3:[162,42,132,228,2,29,0,102]
F4:[160,17,126,18,30,14,1,108]
F5:[155,7,130,122,55,18,5,112]
F6:[159,8,124,224,35,25,1,100]
F7:[162,10,124,60,28,12,0,101]
F8:[154,24,124,116,37,3,1,99]
F9:[156,17,132,226,3,25,7,109]
F10:[168,25,128,154,63,29,16,104]
F11:[170,75,126,148,55,19,2,108]
F12:[173,21,126,74,31,1,12,111]
F13:[152,10,126,12,42,6,7,106]
F14:[155,12,130,18,58,34,0,106]
F15:[158,11,126,54,36,10,5,104]
F16:[157,7,128,162,14,14,12,103]
F17:[159,7,126,98,13,32,14,107]
F18:[156,17,132,194,43,1,12,110]
F19:[166,28,126,46,37,10,9,104]
F20:[149,20,122,14,35,5,3,99]
F21:[151,15,126,118,2,33,9,114]
F22:[151,17,126,80,36,10,4,110]
F23:[161,34,126,190,13,23,10,106]
F24:[193,20,126,48,23,33,2,105]
F25:[193,35,126,164,46,21,11,102]
F26:[193,33,130,80,21,26,11,111]
F27:[191,48,126,66,53,3,4,111]
F28:[192,16,130,144,55,4,1,111]
F29:[191,17,126,46,16,10,14,104]
F30:[179,23,126,158,59,21,3,107]
F31:[165,28,126,136,18,14,3,102]
F32:[150,14,128,58,37,30,9,109]
F33:[181,19,128,234,32,5,15,98]
F34:[163,33,126,62,27,1,8,114]
F35:[174,30,128,8,52,18,9,112]
F36:[192,43,126,74,1,16,5,109]
F37:[193,37,122,48,6,28,11,105]
F38:[172,47,126,22,63,15,8,105]
F39:[151,38,128,54,27,30,11,108]
=== SAMPLE 30 STOP ===
