=== SAMPLE 24 (Vault) START ===
F0:[154,12,128,110,60,19,8,101]
F1:[154,12,126,126,13,25,9,103]
F2:[154,42,126,18,14,4,11,111]
F3:[145,8,128,140,19,20,8,115]
F4:[142,7,128,174,46,10,14,109]
F5:[147,14,130,74,34,33,7,106]
F6:[141,35,126,160,6,2,16,101]
F7:[118,21,128,32,4,27,11,102]
F8:[60,55,124,14,15,36,8,108]
F9:[86,73,128,132,58,22,3,110]
F10:[154,23,122,182,5,2,4,97]
F11:[152,7,128,244,42,24,7,113]
F12:[149,8,126,12,55,12,14,108]
F13:[151,23,126,60,10,6,5,109]
F14:[152,17,126,82,46,16,7,108]
F15:[145,10,126,140,14,25,15,98]
F16:[143,12,130,210,19,34,7,111]
F17:[141,12,126,78,0,7,8,107]
F18:[77,78,128,130,34,16,5,102]
F19:[64,53,126,208,60,27,14,104]
F20:[124,37,124,82,53,5,16,105]
F21:[190,24,128,174,22,20,11,116]
F22:[191,33,128,86,34,22,0,107]
F23:[188,6,124,58,0,11,6,108]
F24:[188,2,122,4,26,5,14,106]
F25:[175,56,126,108,47,12,6,104]
F26:[190,15,124,126,37,11,16,96]
F27:[190,7,122,136,60,8,1,99]
F28:[190,78,126,140,52,22,12,117]
F29:[185,33,126,132,47,29,15,108]
F30:[188,57,124,114,15,3,13,102]
F31:[192,34,128,164,58,6,0,107]
F32:[190,23,126,48,34,18,5,101]
F33:[175,69,128,212,1,17,16,106]
F34:[187,3,126,40,47,23,15,99]
F35:[189,10,128,168,36,4,10,104]
F36:[190,7,120,98,11,26,3,103]
F37:[190,15,126,60,57,24,9,111]
F38:[188,44,126,238,0,17,6,104]
F39:[190,85,124,248,58,28,3,108]
=== SAMPLE 24 STOP ===
