=== SAMPLE 4 (Vault) START ===
F0:[138,17,124,186,35,6,6,106]
F1:[141,8,128,70,40,23,9,102]
F2:[133,7,128,136,49,13,11,106]
F3:[137,8,126,138,7,34,3,97]
F4:[149,33,122,64,24,13,14,100]
F5:[56,34,124,214,49,34,8,98]
F6:[43,36,124,18,48,8,6,95]
F7:[49,44,126,166,8,35,0,99]
F8:[68,67,128,240,46,23,6,106]
F9:[56,52,130,202,12,24,15,108]
F10:[123,13,130,208,61,2,2,112]
F11:[138,7,126,138,49,4,10,104]
F12:[139,46,126,154,11,8,17,108]
F13:[133,7,128,80,59,28,16,105]
F14:[137,7,130,190,27,10,1,105]
F15:[78,26,126,178,39,9,1,106]
F16:[41,38,132,182,29,24,1,105]
F17:[46,37,132,194,39,8,16,109]
F18:[56,53,128,84,60,24,6,112]
F19:[56,50,128,210,20,23,2,106]
F20:[119,35,132,158,47,17,2,109]
F21:[180,12,126,38,47,35,13,108]
F22:[181,10,128,250,44,25,15,112]
F23:[191,41,126,48,59,26,6,104]
F24:[193,43,128,192,39,36,11,103]
F25:[191,30,128,66,1,4,8,108]
F26:[194,41,126,14,49,14,8,104]
F27:[193,30,124,70,46,5,16,115]
F28:[178,70,128,180,36,25,1,109]
F29:[193,66,126,226,4,21,6,110]
F30:[188,44,124,148,59,8,16,103]
F31:[182,10,128,242,58,18,15,107]
F32:[183,19,124,92,58,27,7,101]
F33:[188,26,126,198,14,34,14,106]
F34:[190,35,124,26,16,35,12,98]
F35:[192,51,128,82,59,15,4,106]
F36:[194,37,126,234,59,1,6,112]
F37:[194,32,126,80,46,21,0,111]
F38:[194,58,130,250,39,30,13,104]
F39:[177,71,126,178,9,2,2,106]
=== SAMPLE 4 STOP ===
