=== SAMPLE 1 (Vault) START ===
F0:[150,20,128,22,39,26,12,113]
F1:[152,10,130,18,29,33,13,109]
F2:[111,11,124,10,44,35,13,107]
F3:[135,27,124,40,52,6,10,97]
F4:[112,33,126,44,0,9,1,104]
F5:[52,45,124,140,58,18,15,105]
F6:[57,45,128,228,4,20,13,108]
F7:[57,44,126,92,1,3,1,108]
F8:[85,63,128,170,63,31,13,108]
F9:[84,45,122,90,30,5,4,103]
F10:[137,19,126,138,40,21,15,109]
F11:[151,7,130,156,3,9,5,110]
F12:[140,19,122,6,21,7,14,101]
F13:[59,20,126,108,50,26,7,111]
F14:[62,16,128,142,16,3,9,105]
F15:[85,47,124,164,19,32,15,106]
F16:[54,48,128,136,31,35,12,104]
F17:[59,46,132,142,44,18,4,112]
F18:[85,45,122,56,43,2,8,105]
F19:[75,43,126,20,46,20,7,101]
F20:[142,49,130,206,28,3,5,107]
F21:[197,80,128,56,37,31,3,110]
F22:[197,82,128,158,33,11,8,104]
F23:[195,90,128,124,21,31,12,106]
F24:[191,28,124,54,22,34,13,106]
F25:[192,64,130,190,52,21,8,106]
F26:[192,106,130,250,44,26,16,108]
F27:[192,94,128,36,8,34,9,104]
F28:[191,83,128,134,2,19,2,113]
F29:[191,78,124,186,4,13,2,100]
F30:[192,57,124,28,47,32,14,111]
F31:[191,75,130,186,41,10,11,106]
F32:[198,58,130,26,50,23,9,107]
F33:[193,62,124,240,48,0,0,101]
F34:[192,34,128,174,31,9,3,103]
F35:[194,80,128,110,27,21,5,108]
F36:[192,112,126,92,54,7,6,96]
F37:[193,111,126,166,52,3,11,109]
F38:[190,93,126,32,28,11,8,107]
F39:[189,69,130,242,32,22,2,106]
=== SAMPLE 1 STOP ===
