=== SAMPLE 0 (Vault) START ===
F0:[72,38,130,26,4,8,1,102]
F1:[70,36,128,148,25,25,13,101]
F2:[93,52,128,30,53,10,0,102]
F3:[109,32,124,34,58,11,8,106]
F4:[113,20,130,76,33,15,9,108]
F5:[155,10,130,174,24,29,8,100]
F6:[160,7,128,208,33,3,5,109]
F7:[170,8,128,148,59,34,11,107]
F8:[189,17,126,116,49,30,9,108]
F9:[188,16,126,68,37,7,7,111]
F10:[82,31,128,126,5,17,0,107]
F11:[72,37,128,64,18,28,10,106]
F12:[79,33,128,232,59,24,7,111]
F13:[114,19,126,106,38,34,12,110]
F14:[88,40,130,200,30,4,9,110]
F15:[142,11,126,172,51,34,4,113]
F16:[158,7,124,64,4,33,2,108]
F17:[163,7,134,32,22,25,11,110]
F18:[157,34,132,44,26,3,8,99]
F19:[189,14,130,56,54,32,1,106]
F20:[190,23,126,20,61,12,16,104]
F21:[191,25,126,72,5,9,3,107]
F22:[189,32,130,236,18,2,6,106]
F23:[190,38,126,196,2,29,10,106]
F24:[191,46,130,250,31,30,14,105]
F25:[190,41,130,114,0,13,2,100]
F26:[192,38,124,162,3,27,16,100]
F27:[191,35,128,24,43,3,8,107]
F28:[192,58,128,226,28,24,2,109]
F29:[191,46,124,158,21,16,10,105]
F30:[191,53,124,102,51,7,14,105]
F31:[191,20,128,28,31,36,9,107]
F32:[192,29,128,212,27,20,1,108]
F33:[190,25,126,30,49,6,1,99]
F34:[190,35,134,166,63,23,0,112]
F35:[191,46,124,58,59,9,5,105]
F36:[191,35,124,40,13,27,9,106]
F37:[192,48,130,54,11,5,1,105]
F38:[191,56,130,128,38,17,1,110]
F39:[192,52,128,22,10,22,3,112]
=== SAMPLE 0 STOP ===
