=== SAMPLE 26 (Vault) START ===
F0:[154,10,132,20,22,15,3,107]
F1:[159,23,122,28,10,34,10,97]
F2:[152,15,126,74,46,9,3,111]
F3:[147,28,130,240,60,34,6,116]
F4:[169,35,126,234,26,6,8,99]
F5:[68,66,130,236,51,10,6,106]
F6:[53,64,126,92,38,22,16,118]
F7:[57,62,128,244,20,20,10,112]
F8:[95,72,126,196,39,0,11,112]
F9:[92,70,128,148,24,36,10,103]
F10:[138,19,126,250,60,8,10,113]
F11:[152,7,128,12,35,16,0,112]
F12:[162,23,132,234,42,2,9,113]
F13:[155,34,126,132,9,20,1,101]
F14:[150,28,126,202,40,24,9,103]
F15:[86,53,126,114,11,2,11,108]
F16:[101,85,126,128,48,33,12,104]
F17:[54,64,128,12,17,25,9,104]
F18:[76,67,130,226,32,27,10,107]
F19:[78,66,126,246,10,29,11,111]
F20:[144,38,128,208,34,18,2,104]
F21:[191,15,128,38,41,35,4,102]
F22:[189,7,126,134,47,22,5,113]
F23:[189,49,124,70,17,31,14,111]
F24:[192,67,126,50,60,29,0,105]
F25:[190,61,128,238,46,15,0,110]
F26:[194,98,126,14,53,29,4,110]
F27:[193,90,124,156,29,8,0,107]
F28:[191,41,128,144,48,4,4,110]
F29:[195,88,132,126,28,5,1,101]
F30:[194,76,126,232,11,21,2,102]
F31:[189,7,126,86,53,20,11,109]
F32:[191,25,128,176,28,0,7,107]
F33:[188,30,126,248,45,4,16,97]
F34:[188,43,128,26,7,20,4,106]
F35:[191,62,128,54,9,1,1,104]
F36:[191,87,130,228,26,12,5,100]
F37:[194,106,126,46,48,9,4,106]
F38:[193,75,126,148,40,33,11,101]
F39:[191,49,128,74,58,14,5,107]
=== SAMPLE 26 STOP ===
