=== SAMPLE 27 (Vault) START ===
F0:[152,8,124,52,55,19,9,104]
F1:[149,7,128,114,40,26,15,108]
F2:[111,24,128,78,31,27,3,104]
F3:[62,44,126,156,50,20,1,107]
F4:[133,62,126,178,60,24,4,108]
F5:[58,58,124,4,16,2,9,102]
F6:[60,58,126,162,6,35,9,97]
F7:[75,54,128,248,16,34,0,105]
F8:[89,48,128,24,34,34,9,106]
F9:[71,68,126,142,20,29,11,109]
F10:[133,21,126,92,31,12,12,108]
F11:[151,7,126,140,30,34,16,99]
F12:[151,49,126,32,14,24,8,99]
F13:[66,44,124,170,34,1,13,96]
F14:[64,51,124,136,37,4,6,106]
F15:[59,50,126,78,32,20,2,104]
F16:[94,85,126,88,27,34,3,109]
F17:[61,61,128,76,22,25,0,108]
F18:[71,63,128,136,28,1,11,105]
F19:[97,61,126,146,54,20,1,99]
F20:[134,53,130,202,57,35,14,106]
F21:[191,38,124,70,11,6,13,106]
F22:[192,53,126,164,19,24,16,104]
F23:[192,43,132,16,24,8,8,107]
F24:[193,34,128,76,17,15,6,109]
F25:[191,43,124,162,28,21,11,100]
F26:[192,78,132,154,15,30,6,102]
F27:[190,67,126,106,43,27,4,102]
F28:[190,48,124,70,20,20,12,104]
F29:[191,53,130,182,28,28,3,106]
F30:[190,38,126,170,36,31,8,94]
F31:[191,53,128,238,56,14,12,110]
F32:[192,48,130,250,59,18,15,113]
F33:[191,28,130,62,30,27,6,110]
F34:[191,23,130,210,40,6,10,113]
F35:[193,66,132,50,62,8,13,105]
F36:[191,62,124,32,17,11,6,105]
F37:[192,79,130,106,46,24,9,114]
F38:[190,53,128,248,63,5,5,103]
F39:[192,69,126,68,52,13,6,103]
=== SAMPLE 27 STOP ===
