=== SAMPLE 7 (Vault) START ===
F0:[148,91,128,214,42,5,2,106]
F1:[135,63,126,120,38,14,12,98]
F2:[87,44,126,22,51,24,7,104]
F3:[45,66,126,32,28,27,2,104]
F4:[97,65,128,98,7,1,1,111]
F5:[62,55,128,148,41,28,9,105]
F6:[57,62,128,68,26,10,5,116]
F7:[62,60,122,162,3,27,16,104]
F8:[62,73,130,124,49,0,2,113]
F9:[93,47,128,162,63,21,13,116]
F10:[109,28,128,6,14,16,11,106]
F11:[124,17,130,186,2,22,16,101]
F12:[107,23,128,54,32,18,0,107]
F13:[81,62,128,90,50,20,6,109]
F14:[44,72,126,224,0,35,7,104]
F15:[53,66,122,62,21,1,2,103]
F16:[59,53,130,142,19,4,14,107]
F17:[60,65,130,102,36,31,5,108]
F18:[63,56,128,100,34,25,7,110]
F19:[62,67,124,32,6,34,10,102]
F20:[138,81,130,196,51,17,7,102]
F21:[190,112,126,100,39,21,15,103]
F22:[190,112,120,106,15,17,5,100]
F23:[191,66,122,32,39,21,11,109]
F24:[191,108,128,116,39,19,11,110]
F25:[193,61,128,236,39,20,11,106]
F26:[195,65,126,156,18,29,8,106]
F27:[194,57,130,226,22,4,11,115]
F28:[192,41,130,20,16,5,9,106]
F29:[194,42,126,152,33,23,15,108]
F30:[193,55,126,148,13,34,8,107]
F31:[190,112,124,26,40,24,14,100]
F32:[187,46,126,248,19,33,5,101]
F33:[191,79,132,140,17,12,16,115]
F34:[192,62,126,34,49,6,11,99]
F35:[192,58,126,8,7,29,3,107]
F36:[191,33,126,154,8,13,0,103]
F37:[195,74,128,212,44,16,2,105]
F38:[193,38,126,178,3,5,12,99]
F39:[193,23,128,230,38,19,0,110]
=== SAMPLE 7 STOP ===
