=== SAMPLE 6 (Vault) START ===
F0:[160,138,132,104,23,8,1,108]
F1:[154,23,130,200,8,26,0,100]
F2:[146,21,126,130,29,9,3,105]
F3:[128,17,128,222,48,36,9,101]
F4:[137,28,124,202,61,24,10,105]
F5:[127,14,132,218,37,5,13,108]
F6:[131,7,122,86,5,6,16,109]
F7:[105,18,122,74,33,35,15,103]
F8:[125,38,126,100,49,6,15,109]
F9:[49,42,128,210,46,33,16,105]
F10:[130,26,126,188,50,2,0,102]
F11:[152,19,128,60,44,1,4,107]
F12:[149,81,128,36,57,18,15,107]
F13:[129,17,126,80,57,16,8,112]
F14:[128,20,128,160,27,6,16,109]
F15:[133,12,128,4,5,14,6,109]
F16:[132,7,128,116,43,20,3,108]
F17:[123,10,130,162,57,21,15,108]
F18:[49,42,128,38,37,34,5,106]
F19:[50,45,126,230,2,23,1,102]
F20:[142,26,128,86,62,34,16,107]
F21:[171,14,124,30,13,35,3,100]
F22:[171,10,130,146,32,32,8,106]
F23:[183,39,126,34,40,18,3,100]
F24:[184,29,130,216,9,36,15,100]
F25:[194,19,124,58,18,0,9,104]
F26:[196,23,130,120,39,21,3,111]
F27:[195,23,126,62,49,13,4,110]
F28:[166,32,126,80,62,33,5,103]
F29:[188,37,128,4,4,34,3,111]
F30:[184,34,128,164,21,26,17,106]
F31:[170,10,126,200,47,27,3,111]
F32:[175,17,124,180,44,7,1,100]
F33:[188,16,128,94,28,5,1,104]
F34:[192,17,126,120,37,28,5,103]
F35:[185,20,124,32,21,13,10,107]
F36:[195,23,126,80,62,34,8,105]
F37:[195,29,122,190,38,10,1,99]
F38:[190,30,128,44,46,32,5,107]
F39:[163,40,126,120,24,31,14,108]
=== SAMPLE 6 STOP ===
