=== SAMPLE 28 (Vault) START ===
F0:[162,78,126,202,43,4,6,110]
F1:[141,7,126,114,45,31,7,110]
F2:[147,11,130,100,36,16,5,107]
F3:[136,20,124,24,50,6,10,107]
F4:[139,52,126,60,4,32,16,103]
F5:[72,52,130,76,33,12,10,112]
F6:[61,60,126,156,36,34,8,105]
F7:[59,54,130,6,11,7,13,113]
F8:[91,44,124,22,50,4,3,102]
F9:[85,51,128,106,39,9,0,110]
F10:[122,16,128,180,32,4,11,109]
F11:[143,8,124,20,42,13,5,109]
F12:[140,14,128,90,14,16,16,114]
F13:[142,31,128,52,52,32,5,102]
F14:[140,20,128,30,20,8,11,109]
F15:[84,41,128,182,40,27,6,108]
F16:[58,57,128,110,44,15,3,115]
F17:[60,57,126,60,50,34,12,99]
F18:[65,53,126,214,54,5,7,99]
F19:[67,55,128,66,0,9,6,111]
F20:[142,59,132,234,56,3,3,105]
F21:[195,58,126,54,50,32,11,104]
F22:[195,66,124,186,60,13,15,110]
F23:[190,48,126,88,10,30,10,106]
F24:[186,53,134,10,27,36,1,106]
F25:[192,66,126,222,1,20,10,106]
F26:[193,103,124,162,62,29,1,112]
F27:[194,110,126,36,30,24,11,111]
F28:[183,84,126,82,58,24,6,104]
F29:[194,117,128,248,16,8,12,114]
F30:[194,97,126,18,59,26,5,105]
F31:[195,66,126,244,38,30,1,103]
F32:[193,52,130,134,29,10,11,106]
F33:[192,48,130,156,19,9,13,106]
F34:[192,38,128,44,13,20,8,110]
F35:[187,82,126,220,55,23,2,113]
F36:[193,105,128,122,57,21,10,105]
F37:[194,116,126,114,37,6,12,105]
F38:[193,101,130,178,31,3,8,104]
F39:[183,92,124,140,37,26,13,109]
=== SAMPLE 28 STOP ===
