=== SAMPLE 17 (Vault) START ===
F0:[186,39,126,68,33,9,10,104]
F1:[185,28,132,226,60,17,0,99]
F2:[180,29,126,20,49,36,12,98]
F3:[167,28,128,216,55,9,3,106]
F4:[160,7,128,218,28,33,7,109]
F5:[165,10,126,158,19,28,12,100]
F6:[163,7,128,190,35,29,5,109]
F7:[161,10,124,44,5,16,3,106]
F8:[154,11,128,184,26,9,13,107]
F9:[154,12,126,70,24,2,5,108]
F10:[177,24,128,20,57,18,5,105]
F11:[184,37,132,182,37,6,9,105]
F12:[181,20,124,82,2,14,5,113]
F13:[158,7,130,4,55,12,6,104]
F14:[170,30,128,120,53,6,10,104]
F15:[166,17,128,208,37,3,3,109]
F16:[163,7,130,196,9,5,15,110]
F17:[166,7,126,38,38,13,16,108]
F18:[164,15,122,10,51,20,9,106]
F19:[153,10,126,56,33,27,3,106]
F20:[159,16,128,130,51,31,6,106]
F21:[164,15,124,32,40,26,7,114]
F22:[171,35,128,168,19,4,15,102]
F23:[161,45,124,66,18,27,9,113]
F24:[170,23,132,226,15,36,15,110]
F25:[178,19,128,152,52,14,13,109]
F26:[187,2,126,94,55,24,9,101]
F27:[187,3,134,164,28,6,4,106]
F28:[165,8,124,44,31,16,4,107]
F29:[145,15,126,162,41,9,2,114]
F30:[165,31,120,36,39,29,6,98]
F31:[170,14,132,114,54,34,11,112]
F32:[163,16,128,158,49,22,9,97]
F33:[167,41,126,226,44,5,11,103]
F34:[152,39,126,40,7,17,8,100]
F35:[175,21,120,10,10,26,2,108]
F36:[187,2,128,240,28,0,6,103]
F37:[187,5,128,30,55,20,2,103]
F38:[175,48,128,86,20,28,14,107]
F39:[165,7,126,108,14,0,10,101]
=== SAMPLE 17 STOP ===
