=== SAMPLE 18 (Vault) START ===
F0:[188,2,126,110,28,34,8,105]
F1:[184,53,126,8,13,20,11,105]
F2:[178,10,128,202,22,1,7,109]
F3:[165,25,124,148,50,15,14,99]
F4:[167,23,130,70,20,1,5,104]
F5:[158,10,124,44,20,25,1,107]
F6:[156,7,124,122,55,30,1,102]
F7:[158,17,130,102,52,17,16,104]
F8:[135,29,128,164,52,2,7,107]
F9:[161,38,126,20,46,20,15,104]
F10:[171,7,126,110,34,18,9,106]
F11:[188,2,126,76,29,8,9,104]
F12:[187,15,130,176,42,19,13,104]
F13:[178,28,128,142,27,20,10,99]
F14:[166,24,130,148,17,9,14,110]
F15:[161,15,124,214,23,17,10,97]
F16:[156,7,124,178,51,24,9,109]
F17:[156,30,122,22,33,23,15,99]
F18:[138,25,124,144,3,0,14,105]
F19:[140,28,130,46,30,6,0,106]
F20:[137,26,120,98,48,1,1,105]
F21:[147,24,126,10,60,25,12,105]
F22:[131,7,124,70,8,2,13,104]
F23:[171,17,124,52,60,24,10,107]
F24:[126,39,130,132,23,4,12,104]
F25:[146,43,130,154,34,25,4,108]
F26:[192,35,128,92,45,0,9,110]
F27:[192,41,128,148,34,35,5,110]
F28:[177,47,130,148,27,25,9,110]
F29:[169,25,128,212,24,24,2,109]
F30:[170,17,128,220,45,22,6,100]
F31:[132,8,130,162,23,22,1,106]
F32:[137,33,132,222,15,8,17,103]
F33:[143,21,128,216,39,26,1,108]
F34:[174,15,130,216,28,9,9,106]
F35:[176,12,126,240,19,32,4,108]
F36:[193,44,128,178,23,6,10,97]
F37:[193,42,132,172,21,30,15,111]
F38:[187,26,128,170,63,23,11,106]
F39:[179,23,126,10,2,18,5,109]
=== SAMPLE 18 STOP ===
