=== SAMPLE 5 (House2) START ===
F0:[108,66,128,20,62,239,189,182,54]
F1:[130,91,128,108,37,214,184,175,150]
F2:[107,56,128,8,75,224,193,173,105]
F3:[108,56,126,28,37,214,206,173,129]
F4:[116,79,126,6,88,214,206,173,136]
F5:[158,123,128,62,37,219,193,180,170]
F6:[167,130,126,6,88,219,189,171,137]
F7:[167,126,126,16,62,239,195,172,128]
F8:[173,131,128,158,62,224,195,174,134]
F9:[166,114,128,76,24,219,184,174,121]
F10:[123,76,128,82,24,204,187,172,85]
F11:[108,67,128,118,75,229,191,178,113]
F12:[118,60,128,156,50,209,195,173,138]
F13:[111,66,126,8,88,219,197,171,121]
F14:[106,68,126,32,75,204,208,173,123]
F15:[144,98,126,34,37,219,206,175,166]
F16:[159,134,128,116,75,209,193,176,143]
F17:[172,134,130,162,37,188,197,179,141]
F18:[169,121,128,36,62,219,195,177,125]
F19:[159,125,126,30,50,234,191,179,118]
F20:[184,82,126,6,88,198,193,172,153]
F21:[197,17,128,170,75,234,191,172,141]
F22:[194,46,128,66,62,229,182,175,125]
F23:[185,15,126,68,24,209,201,173,119]
F24:[186,16,126,4,88,219,191,176,129]
F25:[186,25,128,70,62,214,191,177,128]
F26:[190,10,126,12,50,219,199,175,132]
F27:[192,44,126,14,62,239,193,173,130]
F28:[185,24,128,240,75,178,199,175,121]
F29:[185,14,126,138,62,198,191,171,128]
F30:[187,28,126,8,75,234,187,173,130]
F31:[197,16,126,24,75,224,193,175,138]
F32:[195,23,128,90,50,209,193,170,126]
F33:[189,20,128,166,75,198,189,174,122]
F34:[185,15,128,60,50,193,199,177,124]
F35:[186,16,128,30,37,219,193,177,129]
F36:[190,17,126,40,62,204,199,172,132]
F37:[192,32,126,20,88,229,210,176,130]
F38:[188,24,128,40,62,219,199,177,124]
F39:[187,20,126,112,62,224,184,175,127]
=== SAMPLE 5 STOP ===
