=== SAMPLE 4 (House2) START ===
F0:[150,69,126,112,37,224,210,174,94]
F1:[139,42,128,64,50,193,191,173,117]
F2:[125,41,126,16,75,229,197,175,114]
F3:[144,51,130,112,62,209,182,177,147]
F4:[153,75,126,8,88,234,191,178,137]
F5:[174,115,126,4,88,204,199,173,149]
F6:[172,135,128,114,62,219,197,176,126]
F7:[164,115,128,98,37,204,199,172,120]
F8:[172,112,128,140,37,224,195,176,136]
F9:[170,112,128,20,50,198,193,177,126]
F10:[147,71,128,10,62,234,180,176,105]
F11:[141,56,128,66,62,204,197,174,122]
F12:[131,42,126,34,24,224,208,168,118]
F13:[152,79,128,58,24,209,170,174,149]
F14:[147,62,128,8,75,234,182,180,123]
F15:[157,80,126,106,62,219,199,173,138]
F16:[175,139,126,126,24,219,197,174,146]
F17:[159,107,126,74,24,219,195,171,112]
F18:[169,108,126,64,11,214,191,174,138]
F19:[171,120,128,198,62,219,193,173,130]
F20:[175,78,128,132,50,229,201,181,132]
F21:[195,42,126,8,88,224,206,172,148]
F22:[196,35,128,54,62,219,178,177,129]
F23:[184,35,126,86,62,219,197,176,116]
F24:[185,71,126,44,62,219,193,172,129]
F25:[188,17,128,100,62,209,197,180,131]
F26:[195,10,126,70,62,229,195,172,135]
F27:[195,2,126,4,88,214,193,177,128]
F28:[185,5,128,196,62,209,195,174,118]
F29:[182,11,128,46,75,204,197,176,125]
F30:[187,19,128,106,37,214,195,178,133]
F31:[196,65,126,86,24,209,201,175,137]
F32:[195,30,128,72,62,209,195,178,127]
F33:[189,37,126,28,50,219,199,176,122]
F34:[184,60,126,30,75,224,204,178,123]
F35:[187,23,128,34,50,214,197,177,131]
F36:[194,3,128,114,24,219,195,176,135]
F37:[195,5,128,108,50,204,187,173,129]
F38:[186,10,128,78,24,204,189,173,119]
F39:[182,6,126,150,62,224,197,173,124]
=== SAMPLE 4 STOP ===
