=== SAMPLE 21 (House) START ===
F0:[187,41,126,226,9,9,9,108]
F1:[188,39,124,112,56,6,5,108]
F2:[188,60,124,44,2,9,7,100]
F3:[190,89,126,220,54,14,17,109]
F4:[181,67,124,66,34,0,6,98]
F5:[103,51,126,124,52,14,10,111]
F6:[84,46,124,96,34,35,1,108]
F7:[119,53,126,202,28,18,12,103]
F8:[115,56,130,120,8,30,13,101]
F9:[105,53,124,12,49,14,13,105]
F10:[175,47,126,178,40,31,13,95]
F11:[177,58,128,88,3,29,16,111]
F12:[188,39,132,82,49,15,13,109]
F13:[180,69,128,84,13,33,16,112]
F14:[184,62,126,70,32,4,1,105]
F15:[124,67,128,112,20,11,13,104]
F16:[89,50,128,230,62,19,3,102]
F17:[91,48,128,146,42,6,8,109]
F18:[96,52,128,10,42,26,2,109]
F19:[116,49,126,66,53,26,2,108]
F20:[150,82,132,30,3,16,13,106]
F21:[188,107,130,200,17,7,16,109]
F22:[187,110,122,12,35,18,3,103]
F23:[166,87,124,166,13,6,8,105]
F24:[182,41,124,126,56,19,8,103]
F25:[185,65,126,104,33,23,15,108]
F26:[188,84,128,176,54,20,11,107]
F27:[188,87,126,88,19,31,16,100]
F28:[187,58,132,244,20,28,8,103]
F29:[188,60,122,62,47,17,6,100]
F30:[189,88,132,240,36,23,0,107]
F31:[187,107,126,88,5,17,13,107]
F32:[188,107,124,122,16,36,16,106]
F33:[177,71,124,44,36,22,2,105]
F34:[166,92,128,36,40,25,10,105]
F35:[183,43,126,70,57,26,6,110]
F36:[188,84,128,170,59,1,17,107]
F37:[189,93,126,222,56,34,4,112]
F38:[188,88,130,208,49,26,6,107]
F39:[187,51,130,246,53,12,8,111]
=== SAMPLE 21 STOP ===
