=== SAMPLE 4 (House) START ===
F0:[128,97,128,56,62,209,187,177,71]
F1:[131,108,126,78,24,214,197,172,131]
F2:[126,100,126,26,50,229,204,175,123]
F3:[126,110,126,4,88,214,208,175,128]
F4:[125,109,126,40,24,214,204,173,127]
F5:[148,88,126,58,62,224,184,177,151]
F6:[151,102,126,62,88,204,182,176,131]
F7:[157,90,126,126,75,224,191,176,134]
F8:[153,94,126,34,62,209,195,168,124]
F9:[155,93,128,166,62,193,193,173,130]
F10:[135,110,128,48,62,234,191,179,108]
F11:[127,99,128,48,62,219,197,180,120]
F12:[122,99,126,22,50,234,193,174,123]
F13:[125,115,126,16,37,234,199,173,131]
F14:[122,87,128,30,62,209,193,172,125]
F15:[145,109,128,48,24,214,206,173,151]
F16:[155,90,128,12,255,234,204,171,138]
F17:[152,99,126,128,50,219,199,175,125]
F18:[154,93,126,4,88,204,201,175,130]
F19:[154,101,128,40,37,209,197,174,128]
F20:[174,89,126,86,62,214,204,171,148]
F21:[196,80,126,16,37,244,195,175,150]
F22:[192,111,126,6,88,234,195,175,124]
F23:[187,80,126,10,62,224,197,173,123]
F24:[188,108,126,12,11,234,187,174,129]
F25:[191,61,126,92,50,214,197,173,131]
F26:[195,10,126,68,50,234,195,177,132]
F27:[195,7,128,40,75,204,201,174,128]
F28:[185,6,128,40,50,214,204,175,118]
F29:[184,10,128,40,24,214,182,176,127]
F30:[187,12,128,32,37,204,199,171,131]
F31:[196,114,126,36,88,219,201,172,137]
F32:[193,79,128,18,62,219,193,175,125]
F33:[188,105,128,72,24,204,199,174,123]
F34:[187,94,126,86,24,224,195,173,127]
F35:[189,88,128,12,37,234,191,175,130]
F36:[195,10,128,122,62,219,197,177,134]
F37:[195,5,126,84,62,214,195,173,128]
F38:[188,10,128,46,37,198,193,176,121]
F39:[184,5,126,34,50,234,201,177,124]
=== SAMPLE 4 STOP ===
