=== SAMPLE 26 (House) START ===
F0:[136,107,130,40,19,36,7,108]
F1:[173,87,128,108,28,18,9,108]
F2:[144,73,124,32,59,17,14,103]
F3:[88,42,128,198,52,1,10,111]
F4:[122,58,126,130,0,11,8,109]
F5:[91,39,128,186,17,18,12,107]
F6:[81,40,128,190,39,16,16,100]
F7:[83,40,130,152,27,28,3,101]
F8:[104,54,124,98,38,23,6,101]
F9:[95,30,126,58,56,12,2,101]
F10:[155,72,136,158,16,8,3,116]
F11:[183,88,128,208,40,14,2,103]
F12:[144,100,128,82,17,6,12,110]
F13:[91,41,130,146,56,29,4,108]
F14:[90,42,122,46,63,13,3,105]
F15:[85,39,126,16,53,2,3,106]
F16:[86,47,132,114,40,26,6,103]
F17:[86,42,128,52,31,31,12,105]
F18:[70,27,130,168,29,16,2,107]
F19:[74,29,128,166,21,30,3,103]
F20:[147,88,132,182,5,13,16,103]
F21:[190,103,128,156,33,26,8,104]
F22:[190,112,122,84,42,5,12,100]
F23:[189,87,126,112,57,13,7,101]
F24:[189,101,130,204,5,2,2,105]
F25:[193,88,130,122,40,36,3,109]
F26:[193,88,130,180,33,1,0,108]
F27:[194,101,126,234,49,25,10,106]
F28:[191,87,126,188,42,35,4,104]
F29:[188,41,128,196,49,34,4,107]
F30:[188,53,130,90,21,34,0,105]
F31:[191,112,120,14,53,33,13,93]
F32:[188,75,130,204,36,26,3,108]
F33:[192,97,132,188,36,2,0,108]
F34:[192,88,122,84,3,4,4,105]
F35:[188,97,130,98,41,0,6,106]
F36:[194,102,130,186,26,6,4,115]
F37:[194,82,128,26,35,34,16,110]
F38:[190,67,130,232,48,0,15,111]
F39:[191,111,124,60,2,32,12,104]
=== SAMPLE 26 STOP ===
