=== SAMPLE 30 (House) START ===
F0:[187,12,122,180,32,19,2,96]
F1:[181,51,126,10,25,4,1,103]
F2:[182,64,126,232,49,19,1,107]
F3:[188,7,130,34,25,10,4,107]
F4:[187,7,126,126,62,8,7,100]
F5:[189,84,130,118,28,36,3,108]
F6:[189,94,126,56,51,20,9,104]
F7:[186,83,124,114,19,8,12,102]
F8:[165,55,124,38,46,20,5,103]
F9:[186,93,126,14,55,11,2,110]
F10:[178,23,128,248,31,33,11,111]
F11:[187,15,126,76,42,9,13,107]
F12:[189,34,128,236,47,23,6,99]
F13:[195,42,124,42,29,31,4,104]
F14:[188,7,126,228,61,34,5,102]
F15:[188,64,122,134,5,7,0,107]
F16:[189,92,128,238,4,26,8,106]
F17:[158,85,126,130,30,1,17,108]
F18:[173,70,130,204,13,31,5,111]
F19:[165,49,130,70,11,5,9,103]
F20:[173,64,128,198,37,24,14,116]
F21:[183,66,126,202,30,19,7,105]
F22:[180,88,126,222,52,32,9,101]
F23:[191,103,130,190,25,6,2,112]
F24:[191,98,128,206,0,8,3,107]
F25:[163,64,128,236,62,0,5,105]
F26:[176,10,124,64,3,11,6,104]
F27:[173,5,126,20,45,8,5,107]
F28:[180,62,128,66,48,11,0,110]
F29:[177,52,126,216,26,29,14,108]
F30:[186,47,124,152,58,21,6,106]
F31:[180,93,124,126,2,24,14,103]
F32:[182,92,130,68,4,4,7,103]
F33:[167,78,126,220,36,27,12,101]
F34:[191,92,124,8,63,23,15,107]
F35:[189,92,128,46,13,30,15,105]
F36:[174,5,128,8,49,24,12,107]
F37:[180,15,124,224,7,7,16,102]
F38:[183,28,124,70,4,0,8,102]
F39:[187,26,130,114,26,26,14,112]
=== SAMPLE 30 STOP ===
