=== SAMPLE 5 (House) START ===
F0:[177,97,124,92,22,5,2,97]
F1:[182,105,128,170,43,3,10,109]
F2:[144,69,124,68,17,7,12,104]
F3:[85,46,126,250,49,17,14,105]
F4:[84,48,130,238,53,21,8,105]
F5:[75,47,126,194,42,9,0,109]
F6:[95,64,126,160,47,25,12,102]
F7:[70,50,128,32,64,20,10,105]
F8:[65,45,132,178,41,2,9,104]
F9:[78,48,128,202,60,5,8,109]
F10:[154,91,130,228,53,22,10,113]
F11:[179,98,124,206,2,2,5,104]
F12:[159,79,124,38,46,28,10,105]
F13:[86,35,128,80,63,4,2,111]
F14:[92,45,130,122,15,17,5,107]
F15:[82,46,132,182,43,34,0,110]
F16:[80,45,126,116,44,25,2,113]
F17:[128,80,124,168,39,1,0,102]
F18:[68,51,126,46,10,16,7,102]
F19:[66,45,128,154,1,20,15,108]
F20:[126,73,128,28,21,31,12,108]
F21:[158,68,128,200,24,30,6,103]
F22:[187,85,124,10,22,0,14,105]
F23:[184,56,130,192,36,31,5,104]
F24:[185,48,126,170,39,31,9,98]
F25:[188,89,130,80,14,17,8,105]
F26:[194,60,126,106,1,10,3,104]
F27:[194,78,128,108,43,29,9,113]
F28:[193,76,126,128,43,15,9,108]
F29:[192,65,124,34,45,23,6,111]
F30:[190,69,122,100,56,13,12,104]
F31:[187,83,124,16,47,10,12,98]
F32:[187,92,128,40,50,1,10,103]
F33:[170,88,128,60,34,23,1,108]
F34:[184,52,126,192,27,31,1,104]
F35:[187,48,130,22,17,4,3,102]
F36:[192,78,126,216,35,26,15,104]
F37:[188,66,130,118,45,14,16,106]
F38:[194,66,128,100,31,5,1,113]
F39:[192,66,130,246,52,22,10,113]
=== SAMPLE 5 STOP ===
