=== SAMPLE 20 (House) START ===
F0:[190,69,124,140,1,31,11,104]
F1:[171,71,126,198,25,34,16,109]
F2:[192,83,130,154,50,34,7,105]
F3:[188,96,126,88,42,25,1,112]
F4:[188,98,126,88,52,4,16,106]
F5:[129,47,132,126,26,29,8,107]
F6:[119,29,126,190,29,26,11,106]
F7:[96,44,126,88,56,4,5,111]
F8:[63,64,126,206,12,2,3,107]
F9:[98,45,130,214,24,28,1,110]
F10:[164,61,124,34,59,35,15,100]
F11:[195,73,126,164,15,0,14,106]
F12:[193,69,126,66,38,7,12,105]
F13:[190,101,124,28,60,4,4,101]
F14:[188,84,132,144,15,32,14,113]
F15:[143,60,128,36,14,26,13,103]
F16:[120,32,126,46,1,32,13,111]
F17:[118,44,130,108,26,15,5,107]
F18:[61,62,124,12,40,28,9,106]
F19:[60,71,126,118,1,7,5,100]
F20:[121,49,124,196,18,22,7,107]
F21:[180,46,128,40,28,19,2,106]
F22:[173,52,120,4,22,12,4,100]
F23:[183,114,124,204,0,20,7,105]
F24:[181,106,128,108,53,33,15,110]
F25:[164,85,128,80,40,9,11,101]
F26:[185,106,130,186,63,16,2,111]
F27:[186,108,126,34,30,28,12,105]
F28:[183,58,130,176,38,28,3,116]
F29:[186,75,126,22,44,35,8,106]
F30:[184,85,126,114,47,1,6,106]
F31:[174,57,128,52,55,13,16,109]
F32:[172,56,124,16,42,4,10,97]
F33:[164,65,130,46,27,27,11,109]
F34:[183,108,126,136,34,3,12,108]
F35:[183,106,122,50,38,6,14,98]
F36:[186,111,132,242,26,18,9,98]
F37:[185,105,128,144,54,21,16,106]
F38:[188,97,132,174,38,26,15,109]
F39:[189,87,130,166,20,29,7,101]
=== SAMPLE 20 STOP ===
