=== SAMPLE 24 (House) START ===
F0:[180,99,128,236,13,29,3,99]
F1:[182,102,128,112,34,35,8,104]
F2:[173,90,126,128,53,28,9,105]
F3:[150,61,126,194,26,25,2,116]
F4:[102,34,128,192,37,35,10,110]
F5:[83,38,122,82,48,15,15,104]
F6:[81,36,126,218,54,16,10,113]
F7:[115,46,130,246,55,14,16,100]
F8:[96,53,130,224,34,26,15,110]
F9:[88,39,128,186,52,27,5,108]
F10:[175,84,128,12,18,34,5,106]
F11:[175,102,128,94,61,19,6,104]
F12:[168,85,130,210,8,16,2,110]
F13:[101,37,124,50,33,35,4,104]
F14:[156,70,122,116,3,22,15,104]
F15:[100,43,122,24,20,36,17,99]
F16:[81,37,126,26,2,32,10,111]
F17:[84,37,126,44,23,32,3,101]
F18:[130,48,126,224,47,30,8,106]
F19:[104,41,126,216,34,9,4,104]
F20:[138,81,128,120,37,13,5,102]
F21:[182,121,124,20,1,6,3,107]
F22:[183,115,126,68,10,26,3,113]
F23:[187,94,122,170,42,0,15,98]
F24:[191,87,126,166,44,8,12,104]
F25:[190,56,124,54,57,32,1,100]
F26:[190,30,126,100,45,15,13,104]
F27:[190,30,124,240,42,1,1,107]
F28:[192,64,126,14,52,29,12,103]
F29:[189,61,124,104,57,21,10,105]
F30:[186,94,128,172,40,31,9,100]
F31:[183,114,122,130,61,9,0,97]
F32:[183,112,124,38,22,21,2,103]
F33:[185,97,126,238,33,19,0,100]
F34:[187,99,126,22,5,4,9,104]
F35:[190,71,126,212,3,4,14,110]
F36:[191,30,126,112,3,15,12,108]
F37:[191,35,126,142,5,23,6,108]
F38:[188,69,126,236,60,11,0,103]
F39:[192,65,128,38,28,35,3,105]
=== SAMPLE 24 STOP ===
