=== SAMPLE 17 (House) START ===
F0:[165,38,130,70,31,24,10,111]
F1:[160,34,128,32,8,10,5,105]
F2:[124,72,128,62,39,14,10,109]
F3:[91,39,126,148,37,1,3,98]
F4:[86,35,132,198,53,17,0,109]
F5:[84,58,126,190,19,34,1,110]
F6:[73,60,126,22,43,35,13,99]
F7:[79,52,124,38,7,9,3,94]
F8:[89,35,126,8,61,3,11,109]
F9:[88,40,128,134,32,19,11,105]
F10:[154,40,128,28,39,1,0,102]
F11:[165,41,124,82,14,0,13,106]
F12:[146,33,128,96,8,12,0,115]
F13:[84,40,128,62,42,26,14,107]
F14:[118,34,126,110,10,11,11,101]
F15:[82,50,128,122,59,34,9,106]
F16:[78,62,130,250,57,24,14,104]
F17:[73,59,126,122,25,10,7,113]
F18:[113,53,122,200,47,35,7,100]
F19:[86,34,126,142,33,8,10,116]
F20:[138,45,128,176,29,29,8,103]
F21:[184,65,128,194,24,32,5,115]
F22:[184,55,124,34,20,2,10,100]
F23:[184,25,124,60,14,31,9,101]
F24:[185,25,126,108,53,10,3,100]
F25:[188,52,126,184,28,13,3,109]
F26:[193,82,124,150,40,24,10,101]
F27:[191,57,126,116,16,36,3,110]
F28:[188,29,124,182,31,36,2,108]
F29:[185,38,128,168,39,20,13,108]
F30:[185,53,122,92,41,5,10,106]
F31:[184,57,132,130,61,32,15,113]
F32:[184,61,134,234,9,20,15,112]
F33:[186,52,130,134,23,27,17,111]
F34:[183,17,128,78,56,18,15,117]
F35:[187,35,130,250,46,32,2,104]
F36:[192,60,126,162,13,6,10,108]
F37:[192,67,130,152,52,34,15,106]
F38:[189,56,128,62,46,34,8,109]
F39:[186,12,126,182,3,28,9,106]
=== SAMPLE 17 STOP ===
