=== SAMPLE 14 (House) START ===
F0:[97,46,130,124,30,29,8,106]
F1:[96,47,132,152,25,15,11,113]
F2:[103,61,128,168,47,31,13,106]
F3:[109,75,124,4,26,33,5,102]
F4:[99,48,126,20,11,1,8,107]
F5:[73,37,126,150,51,6,9,114]
F6:[69,27,126,220,52,7,0,111]
F7:[101,37,126,214,17,29,2,105]
F8:[120,20,124,38,50,2,16,111]
F9:[118,19,126,170,40,17,2,107]
F10:[103,50,130,24,23,6,2,104]
F11:[102,62,126,202,3,21,10,110]
F12:[95,45,128,230,6,27,11,109]
F13:[94,49,128,54,31,1,5,110]
F14:[112,88,126,224,24,10,1,104]
F15:[82,44,128,80,30,27,12,107]
F16:[74,29,126,106,18,7,8,108]
F17:[76,27,130,184,26,25,7,116]
F18:[112,38,126,76,55,30,15,102]
F19:[121,17,128,138,47,6,6,103]
F20:[155,69,124,150,2,24,7,111]
F21:[189,117,126,206,17,32,6,103]
F22:[189,107,128,142,40,1,2,108]
F23:[190,84,128,128,1,30,4,105]
F24:[189,52,132,160,35,3,8,111]
F25:[190,48,124,154,15,12,3,108]
F26:[193,73,128,152,49,2,2,109]
F27:[192,48,126,170,33,14,11,102]
F28:[189,28,126,94,38,4,16,105]
F29:[189,20,128,168,34,34,3,109]
F30:[189,52,122,36,58,31,12,104]
F31:[189,111,128,106,54,27,8,108]
F32:[189,112,126,52,38,14,14,114]
F33:[189,92,130,228,34,9,13,106]
F34:[190,99,126,40,49,14,0,109]
F35:[190,64,126,240,34,36,1,108]
F36:[192,46,126,118,2,5,14,107]
F37:[194,79,128,82,62,11,12,110]
F38:[191,25,126,134,28,13,0,106]
F39:[188,14,124,250,60,17,0,108]
=== SAMPLE 14 STOP ===
