=== SAMPLE 3 (House2) START ===
F0:[147,79,126,18,75,234,201,174,93]
F1:[127,45,128,54,24,198,193,177,108]
F2:[121,37,126,94,37,229,195,173,122]
F3:[132,65,126,88,75,229,195,174,139]
F4:[132,52,128,108,11,229,187,176,128]
F5:[177,119,126,78,75,214,199,176,173]
F6:[178,134,126,32,62,229,204,173,129]
F7:[147,112,128,36,50,224,189,173,97]
F8:[176,120,126,40,50,214,204,171,157]
F9:[175,133,126,138,62,229,199,173,127]
F10:[136,74,126,38,50,219,193,173,89]
F11:[136,49,128,112,75,188,195,177,128]
F12:[123,36,126,12,62,244,208,175,115]
F13:[132,64,126,36,62,214,204,174,137]
F14:[136,52,126,18,62,234,197,175,132]
F15:[167,93,128,116,75,229,187,172,159]
F16:[175,133,126,12,50,214,197,176,136]
F17:[151,112,128,180,50,224,197,173,104]
F18:[175,134,128,86,50,219,191,175,152]
F19:[176,116,126,14,50,219,199,174,129]
F20:[172,78,128,8,88,219,199,175,124]
F21:[190,44,126,6,88,219,197,174,146]
F22:[193,20,126,30,50,224,201,175,131]
F23:[183,14,128,22,75,219,197,173,118]
F24:[183,60,128,8,62,209,187,177,128]
F25:[187,17,126,64,75,219,195,177,132]
F26:[194,33,126,82,62,198,191,177,135]
F27:[193,80,126,4,88,224,193,177,127]
F28:[185,16,128,102,62,198,195,175,120]
F29:[184,20,126,190,37,224,191,172,127]
F30:[185,44,128,6,75,204,201,177,129]
F31:[191,44,128,32,50,229,195,174,134]
F32:[193,20,126,98,50,234,195,178,130]
F33:[185,24,126,30,37,219,199,172,120]
F34:[183,48,126,82,75,204,193,175,126]
F35:[184,10,126,114,50,224,206,175,129]
F36:[193,55,126,48,75,214,197,174,137]
F37:[193,65,126,10,62,239,193,171,128]
F38:[188,20,128,4,88,224,180,173,123]
F39:[184,20,126,24,11,229,201,175,124]
=== SAMPLE 3 STOP ===
