=== SAMPLE 9 (House2) START ===
F0:[149,74,126,38,62,224,199,174,95]
F1:[138,35,128,44,50,198,201,177,117]
F2:[148,64,128,74,50,209,197,175,138]
F3:[146,75,128,22,88,214,187,174,126]
F4:[137,34,126,40,37,209,189,176,119]
F5:[179,115,128,14,24,224,172,168,170]
F6:[170,107,128,144,50,219,191,173,119]
F7:[175,107,126,218,62,204,195,174,133]
F8:[181,105,128,210,62,204,189,177,134]
F9:[170,123,128,88,50,214,187,175,117]
F10:[158,69,128,30,62,219,201,175,116]
F11:[137,30,128,66,24,229,199,178,107]
F12:[145,66,128,182,75,209,191,172,136]
F13:[143,75,126,78,62,204,191,173,126]
F14:[134,37,128,64,75,204,193,175,119]
F15:[168,78,126,12,37,234,197,178,162]
F16:[169,101,126,10,88,249,189,172,129]
F17:[174,107,128,10,62,229,199,177,133]
F18:[180,112,126,46,50,224,201,171,134]
F19:[175,124,126,56,75,219,197,177,123]
F20:[180,73,126,38,75,219,197,176,133]
F21:[194,15,128,48,50,204,197,179,142]
F22:[193,26,126,6,88,204,197,178,127]
F23:[184,25,126,20,62,239,195,175,119]
F24:[182,8,128,62,75,214,195,177,126]
F25:[186,15,126,20,62,234,199,175,132]
F26:[192,49,126,34,11,224,210,173,134]
F27:[192,42,128,146,62,204,189,173,128]
F28:[184,17,126,142,75,209,189,170,120]
F29:[183,30,126,26,255,219,206,171,127]
F30:[186,49,124,26,75,214,212,173,131]
F31:[194,7,126,42,62,214,197,171,136]
F32:[190,42,130,94,62,219,189,175,124]
F33:[187,38,126,4,88,229,204,177,125]
F34:[185,24,130,76,37,198,193,178,126]
F35:[184,8,128,68,75,214,197,173,127]
F36:[192,52,126,128,88,224,189,171,136]
F37:[193,29,128,64,62,219,189,179,129]
F38:[187,17,128,26,62,219,193,171,122]
F39:[182,24,128,36,24,183,195,177,123]
=== SAMPLE 9 STOP ===
