=== SAMPLE 27 (House) START ===
F0:[180,96,126,170,6,29,10,97]
F1:[179,89,124,160,25,28,1,100]
F2:[146,66,126,200,58,2,9,102]
F3:[120,53,126,158,25,29,2,108]
F4:[163,79,130,44,4,11,7,97]
F5:[83,35,132,98,22,11,1,108]
F6:[84,32,128,40,4,10,13,99]
F7:[87,30,128,92,49,10,14,108]
F8:[108,40,130,26,41,17,4,107]
F9:[92,38,124,24,52,20,14,105]
F10:[155,84,128,110,33,3,1,109]
F11:[180,89,126,28,46,18,12,102]
F12:[160,89,124,206,33,1,6,103]
F13:[104,42,124,58,35,35,13,105]
F14:[107,46,126,134,23,1,5,107]
F15:[116,58,126,242,58,25,4,105]
F16:[105,43,128,244,34,17,1,106]
F17:[87,35,128,172,33,20,0,108]
F18:[87,36,126,98,47,26,11,104]
F19:[107,38,128,248,46,26,5,104]
F20:[139,85,128,246,22,36,16,113]
F21:[190,124,124,34,28,33,2,102]
F22:[189,121,132,214,41,16,8,108]
F23:[185,106,126,94,54,21,12,110]
F24:[190,101,126,10,57,10,10,104]
F25:[192,97,126,148,41,33,16,107]
F26:[192,80,130,36,48,26,13,113]
F27:[191,62,124,38,58,18,9,100]
F28:[190,87,128,216,7,0,10,108]
F29:[190,82,128,74,8,24,15,111]
F30:[190,94,128,186,59,4,12,106]
F31:[188,105,126,78,37,12,10,106]
F32:[190,130,128,112,50,29,15,110]
F33:[190,103,126,200,58,3,6,107]
F34:[191,106,126,10,63,21,2,114]
F35:[187,90,124,30,59,17,12,114]
F36:[192,87,124,124,33,1,16,108]
F37:[192,82,124,76,23,6,2,101]
F38:[189,74,128,8,17,13,6,111]
F39:[189,76,132,250,37,23,1,98]
=== SAMPLE 27 STOP ===
