=== SAMPLE 1 (House) START ===
F0:[173,87,130,126,51,4,9,107]
F1:[172,80,126,152,49,35,9,103]
F2:[130,63,124,224,1,10,9,108]
F3:[86,29,124,68,35,24,16,105]
F4:[87,39,124,72,56,30,5,107]
F5:[81,56,124,70,31,28,4,107]
F6:[86,56,126,50,31,26,9,107]
F7:[86,62,128,56,17,34,8,105]
F8:[72,34,128,228,15,25,3,107]
F9:[73,27,132,250,12,29,13,113]
F10:[150,70,124,80,55,34,5,111]
F11:[155,68,126,232,26,0,9,103]
F12:[153,71,126,150,49,0,15,98]
F13:[68,34,126,84,37,11,6,111]
F14:[68,34,134,214,17,8,15,106]
F15:[100,71,128,188,42,32,4,101]
F16:[97,66,128,108,53,36,7,106]
F17:[80,49,122,120,59,4,2,104]
F18:[73,29,130,16,35,17,8,103]
F19:[70,29,128,42,21,11,9,99]
F20:[135,79,126,128,54,11,15,103]
F21:[185,120,126,18,7,7,11,102]
F22:[185,119,126,82,48,5,0,104]
F23:[185,111,128,68,7,33,15,104]
F24:[186,108,124,44,63,17,6,101]
F25:[189,103,124,4,23,34,2,101]
F26:[191,87,130,174,14,31,9,99]
F27:[186,28,134,224,31,11,6,109]
F28:[193,101,122,50,29,35,4,98]
F29:[192,90,128,190,14,34,4,111]
F30:[189,103,126,128,51,28,7,105]
F31:[164,105,128,4,22,3,12,111]
F32:[184,120,128,174,43,6,14,108]
F33:[188,115,132,30,28,7,9,108]
F34:[187,119,126,108,10,0,6,110]
F35:[185,92,130,194,7,30,7,101]
F36:[190,84,126,198,7,0,15,104]
F37:[190,87,126,54,58,11,3,104]
F38:[191,89,122,10,60,15,5,103]
F39:[191,83,130,88,8,11,3,109]
=== SAMPLE 1 STOP ===
