=== SAMPLE 25 (House) START ===
F0:[169,73,124,136,51,9,10,106]
F1:[192,52,126,72,62,21,12,108]
F2:[191,74,124,72,46,1,1,107]
F3:[189,89,126,40,46,16,6,102]
F4:[190,73,128,20,32,7,0,108]
F5:[130,33,124,110,48,16,13,109]
F6:[123,21,124,144,55,2,2,107]
F7:[115,28,126,124,24,31,3,101]
F8:[95,53,128,58,20,24,3,112]
F9:[72,32,128,52,46,21,0,103]
F10:[161,41,126,84,48,7,1,107]
F11:[192,51,128,222,28,19,2,114]
F12:[181,70,128,120,16,20,4,102]
F13:[188,99,124,34,40,16,15,95]
F14:[189,105,128,172,55,29,8,109]
F15:[147,35,126,178,47,29,0,96]
F16:[123,25,128,70,42,9,5,109]
F17:[118,24,126,54,21,23,7,112]
F18:[76,32,130,246,50,31,7,111]
F19:[105,46,122,104,58,29,10,113]
F20:[129,80,130,62,19,0,7,112]
F21:[185,107,124,174,45,24,8,98]
F22:[185,107,124,118,50,11,16,110]
F23:[174,74,126,156,24,12,8,104]
F24:[184,110,126,154,55,24,14,93]
F25:[185,103,126,82,27,29,11,105]
F26:[186,101,126,8,24,21,11,102]
F27:[187,79,126,20,45,18,14,108]
F28:[186,102,126,74,50,9,15,107]
F29:[186,93,128,162,31,31,4,104]
F30:[186,101,126,164,52,9,15,104]
F31:[186,69,126,42,26,12,10,105]
F32:[185,111,126,210,57,1,4,105]
F33:[184,101,124,128,22,10,10,105]
F34:[182,87,130,38,39,6,0,106]
F35:[174,84,126,174,53,4,5,101]
F36:[186,101,124,8,38,5,9,109]
F37:[186,96,128,164,62,26,1,105]
F38:[185,84,130,166,9,30,10,101]
F39:[186,83,132,98,39,29,15,110]
=== SAMPLE 25 STOP ===
