=== SAMPLE 11 (House) START ===
F0:[177,87,128,218,18,15,5,103]
F1:[177,71,126,152,52,10,2,104]
F2:[173,69,128,44,39,2,17,93]
F3:[135,53,128,142,53,10,15,102]
F4:[90,30,130,96,43,23,13,102]
F5:[85,43,128,246,43,30,9,109]
F6:[85,40,128,52,41,7,12,102]
F7:[90,38,126,160,27,18,10,100]
F8:[85,38,128,176,56,5,12,112]
F9:[84,33,124,214,45,14,3,109]
F10:[167,70,130,202,30,5,6,104]
F11:[173,87,128,184,38,26,6,103]
F12:[160,67,126,68,55,28,5,105]
F13:[92,32,128,114,31,11,1,107]
F14:[157,57,128,184,5,1,2,108]
F15:[88,45,126,18,26,31,3,106]
F16:[86,43,126,118,59,11,7,107]
F17:[88,42,126,86,18,10,9,109]
F18:[114,57,130,150,52,29,1,113]
F19:[80,41,122,54,62,7,16,97]
F20:[133,74,126,62,3,5,10,107]
F21:[178,119,128,20,49,10,0,104]
F22:[178,112,132,222,1,2,16,102]
F23:[172,94,130,112,5,19,14,103]
F24:[185,121,126,18,6,11,15,105]
F25:[186,110,128,70,34,22,11,106]
F26:[189,108,126,144,39,32,9,109]
F27:[189,116,122,144,32,13,7,109]
F28:[191,92,126,48,5,10,8,108]
F29:[190,96,128,178,29,0,5,101]
F30:[184,108,126,100,44,5,15,108]
F31:[178,114,128,178,18,27,14,105]
F32:[178,114,130,120,59,30,0,112]
F33:[170,85,124,98,7,25,3,103]
F34:[169,89,126,182,58,14,1,104]
F35:[186,115,128,4,15,14,11,102]
F36:[189,115,128,38,15,1,9,109]
F37:[189,107,128,214,14,4,4,107]
F38:[187,69,130,238,23,20,1,108]
F39:[192,98,124,14,37,28,14,102]
=== SAMPLE 11 STOP ===
