=== SAMPLE 0 (House2) START ===
F0:[101,81,126,16,11,219,201,171,42]
F1:[108,81,126,240,62,209,195,173,135]
F2:[107,90,126,52,75,214,201,174,127]
F3:[110,96,126,150,62,219,184,175,131]
F4:[110,80,126,40,62,219,201,175,128]
F5:[146,53,124,22,75,214,212,173,164]
F6:[149,60,128,52,50,204,197,176,131]
F7:[153,24,128,42,62,214,197,173,132]
F8:[144,15,128,94,62,234,189,174,119]
F9:[148,58,126,16,62,229,197,175,132]
F10:[122,88,126,16,37,219,197,174,102]
F11:[110,69,126,4,88,229,201,177,116]
F12:[114,92,126,18,62,234,193,173,132]
F13:[115,96,126,18,50,234,204,170,129]
F14:[101,67,126,58,88,219,199,176,114]
F15:[134,59,128,58,50,219,197,178,161]
F16:[152,58,126,8,75,234,206,175,146]
F17:[149,14,128,122,62,229,176,174,125]
F18:[149,23,128,198,75,214,184,175,128]
F19:[149,61,126,102,50,219,191,175,128]
F20:[169,53,124,34,62,224,199,171,148]
F21:[192,33,128,44,62,188,199,174,151]
F22:[191,39,126,46,75,219,193,173,127]
F23:[180,51,126,42,75,229,210,175,117]
F24:[184,30,126,14,75,234,204,174,132]
F25:[189,23,128,52,37,219,193,175,133]
F26:[194,35,126,34,62,209,193,175,133]
F27:[194,1,126,44,62,219,201,176,128]
F28:[183,0,128,192,62,193,199,170,117]
F29:[182,20,128,196,75,219,197,173,127]
F30:[185,56,126,34,50,224,201,172,131]
F31:[193,30,128,4,88,219,191,172,136]
F32:[190,43,128,42,50,193,197,177,125]
F33:[185,41,128,120,50,219,195,177,123]
F34:[186,28,126,12,75,224,191,173,129]
F35:[185,33,128,210,50,209,197,174,127]
F36:[192,44,128,70,62,209,201,180,135]
F37:[195,5,128,14,62,219,182,179,131]
F38:[186,0,126,42,62,214,197,172,119]
F39:[183,16,128,58,62,198,187,176,125]
=== SAMPLE 0 STOP ===
