=== SAMPLE 23 (House) START ===
F0:[102,33,132,162,51,19,14,104]
F1:[103,35,128,156,15,7,9,101]
F2:[102,52,128,86,51,10,13,105]
F3:[65,28,128,206,57,3,7,105]
F4:[68,26,128,198,61,26,6,109]
F5:[120,21,126,164,52,26,3,101]
F6:[138,24,126,66,15,5,10,107]
F7:[151,60,124,218,42,21,16,107]
F8:[182,107,128,224,28,35,13,100]
F9:[182,119,126,76,59,20,16,110]
F10:[115,35,124,160,54,1,9,107]
F11:[101,35,124,114,38,29,11,102]
F12:[92,36,128,186,12,30,4,103]
F13:[67,26,126,136,52,18,11,107]
F14:[111,64,124,128,34,9,13,107]
F15:[111,22,124,194,38,6,2,108]
F16:[131,26,128,110,24,6,16,106]
F17:[141,21,128,208,35,28,15,103]
F18:[152,92,128,198,42,28,2,99]
F19:[182,110,130,36,25,28,0,106]
F20:[186,85,132,218,51,18,6,108]
F21:[190,69,126,194,38,31,14,114]
F22:[190,71,130,232,33,28,6,108]
F23:[188,43,128,140,37,10,0,104]
F24:[189,28,124,222,44,6,16,103]
F25:[190,79,128,50,36,33,16,107]
F26:[190,26,128,216,35,16,4,107]
F27:[190,26,124,60,63,11,12,108]
F28:[195,35,126,62,60,35,15,110]
F29:[192,69,126,128,45,18,10,113]
F30:[192,66,128,138,42,31,11,106]
F31:[190,73,128,184,14,20,11,107]
F32:[190,73,126,18,30,18,3,103]
F33:[188,99,124,4,4,15,9,96]
F34:[189,46,128,210,51,26,13,109]
F35:[189,32,130,60,29,20,16,112]
F36:[190,26,126,168,17,11,5,113]
F37:[191,41,128,136,40,9,1,108]
F38:[192,33,128,178,17,2,16,109]
F39:[196,38,130,162,22,35,4,106]
=== SAMPLE 23 STOP ===
