=== SAMPLE 13 (House) START ===
F0:[174,80,124,24,42,27,10,109]
F1:[165,85,126,142,57,7,11,105]
F2:[131,75,128,62,27,20,9,108]
F3:[74,36,126,248,0,16,14,111]
F4:[75,39,128,206,44,31,1,108]
F5:[91,74,126,194,41,34,5,103]
F6:[82,61,132,236,59,26,8,107]
F7:[82,51,124,62,36,28,7,107]
F8:[84,34,128,206,30,1,1,112]
F9:[111,41,132,126,59,33,16,111]
F10:[157,70,126,208,24,10,16,102]
F11:[178,82,126,12,22,4,3,101]
F12:[162,68,126,118,28,28,0,104]
F13:[124,81,124,184,36,34,12,104]
F14:[73,36,128,120,40,20,7,111]
F15:[78,51,130,244,59,36,13,112]
F16:[81,60,128,204,32,13,3,106]
F17:[108,63,122,22,48,35,15,106]
F18:[83,31,128,34,47,18,8,100]
F19:[83,35,130,196,36,18,4,110]
F20:[142,74,126,38,17,24,7,108]
F21:[191,93,128,196,52,5,9,105]
F22:[193,108,130,138,54,33,8,108]
F23:[193,74,124,104,15,13,14,106]
F24:[193,84,128,142,30,8,4,107]
F25:[184,41,130,194,47,15,8,110]
F26:[186,0,124,212,37,2,9,104]
F27:[188,0,126,28,52,21,0,106]
F28:[186,25,128,250,39,18,0,103]
F29:[189,51,128,128,57,3,2,101]
F30:[189,47,128,94,16,11,11,102]
F31:[193,111,124,14,10,34,15,110]
F32:[192,114,130,232,42,5,5,110]
F33:[186,70,128,232,30,23,1,114]
F34:[193,74,124,90,50,27,8,106]
F35:[191,62,126,168,29,13,13,105]
F36:[188,0,126,132,8,0,2,108]
F37:[186,0,128,184,42,31,2,106]
F38:[187,5,128,204,48,30,15,103]
F39:[188,20,130,118,57,27,8,106]
=== SAMPLE 13 STOP ===
