=== SAMPLE 19 (House) START ===
F0:[190,56,128,130,56,22,10,112]
F1:[187,28,132,244,5,25,13,114]
F2:[189,56,126,156,13,28,0,107]
F3:[193,44,132,184,52,29,12,102]
F4:[188,64,128,84,42,25,0,108]
F5:[126,24,130,92,28,25,2,105]
F6:[118,24,130,238,21,35,9,106]
F7:[110,25,126,142,21,9,14,102]
F8:[102,47,124,10,38,29,15,102]
F9:[98,45,128,242,31,14,9,106]
F10:[170,48,130,70,58,0,9,105]
F11:[166,87,128,12,9,12,11,105]
F12:[189,39,126,198,37,4,3,110]
F13:[188,64,124,166,60,24,8,108]
F14:[189,55,126,114,33,8,8,100]
F15:[145,30,128,166,36,33,14,105]
F16:[117,21,126,212,50,32,13,106]
F17:[117,26,132,180,53,12,5,108]
F18:[94,45,126,110,49,26,0,107]
F19:[125,55,124,218,1,6,0,103]
F20:[148,66,126,170,59,5,6,107]
F21:[188,90,128,128,40,20,0,107]
F22:[189,89,126,78,64,29,6,109]
F23:[182,96,128,112,47,23,13,104]
F24:[188,96,130,58,63,12,10,99]
F25:[189,98,122,4,25,28,13,106]
F26:[190,93,124,200,37,18,9,109]
F27:[190,102,130,168,42,15,8,118]
F28:[192,89,126,148,17,25,5,112]
F29:[192,83,132,234,41,5,3,103]
F30:[187,60,128,224,34,6,4,99]
F31:[189,93,124,100,54,2,6,105]
F32:[188,88,130,220,18,36,4,107]
F33:[189,107,126,144,40,25,9,107]
F34:[183,89,124,12,31,25,7,108]
F35:[187,87,130,44,60,26,1,112]
F36:[190,103,126,18,62,22,12,106]
F37:[189,90,130,226,64,12,2,109]
F38:[187,78,126,114,51,9,8,107]
F39:[188,70,124,174,56,10,5,103]
=== SAMPLE 19 STOP ===
