=== SAMPLE 28 (House) START ===
F0:[188,38,128,74,2,5,14,111]
F1:[190,58,122,118,4,12,16,101]
F2:[155,111,130,158,39,23,3,102]
F3:[177,107,128,176,34,35,14,109]
F4:[177,101,128,226,26,17,1,107]
F5:[115,39,128,218,30,25,2,104]
F6:[117,49,128,96,39,30,11,108]
F7:[102,42,130,202,61,30,0,113]
F8:[102,49,128,70,61,19,16,104]
F9:[106,58,126,142,26,29,3,108]
F10:[174,51,126,40,49,6,10,111]
F11:[188,44,126,132,11,32,8,100]
F12:[187,66,130,144,53,0,5,109]
F13:[182,112,126,186,3,18,15,107]
F14:[183,108,128,170,40,20,9,108]
F15:[130,52,126,232,54,22,12,106]
F16:[106,29,126,188,60,16,16,105]
F17:[106,44,128,158,23,31,15,110]
F18:[112,52,128,212,56,1,6,106]
F19:[102,49,128,210,10,23,13,101]
F20:[148,76,126,196,0,19,5,112]
F21:[186,105,126,36,57,7,0,105]
F22:[185,97,122,50,43,17,7,105]
F23:[184,74,124,42,44,1,11,101]
F24:[183,69,124,50,15,23,0,104]
F25:[168,100,130,174,28,2,4,102]
F26:[191,108,126,204,56,13,7,105]
F27:[191,107,126,94,29,8,8,105]
F28:[188,88,128,242,31,4,9,103]
F29:[188,58,126,42,56,1,3,106]
F30:[188,79,128,108,53,8,11,113]
F31:[185,92,126,156,16,7,1,105]
F32:[186,106,128,36,49,1,5,109]
F33:[164,89,128,58,62,23,4,101]
F34:[182,66,130,188,35,30,12,108]
F35:[185,74,128,128,39,2,5,110]
F36:[191,108,128,92,63,6,16,108]
F37:[191,58,124,66,57,16,13,107]
F38:[189,88,128,24,41,34,11,106]
F39:[188,64,126,136,36,10,3,104]
=== SAMPLE 28 STOP ===
