=== SAMPLE 15 (House) START ===
F0:[182,125,128,210,30,27,16,106]
F1:[183,120,120,62,14,34,2,103]
F2:[182,89,126,78,34,29,10,108]
F3:[180,69,128,132,56,18,15,103]
F4:[119,22,122,250,31,29,14,106]
F5:[80,35,130,138,54,12,2,104]
F6:[80,34,124,24,10,1,2,98]
F7:[117,51,126,20,41,30,7,103]
F8:[94,32,126,10,12,33,10,97]
F9:[97,25,132,182,21,10,12,118]
F10:[165,107,128,208,51,16,12,108]
F11:[175,119,128,204,58,29,9,111]
F12:[176,105,122,24,53,23,16,105]
F13:[120,24,126,52,6,7,11,106]
F14:[144,41,126,202,46,27,5,105]
F15:[113,44,126,214,52,1,5,108]
F16:[79,35,126,144,38,3,5,101]
F17:[78,34,128,8,15,24,14,108]
F18:[102,43,130,224,26,26,10,104]
F19:[100,40,130,232,23,35,1,106]
F20:[144,72,128,180,13,30,1,106]
F21:[188,111,132,72,29,33,10,108]
F22:[188,115,128,72,27,26,14,109]
F23:[173,58,124,152,15,28,11,109]
F24:[181,33,128,72,1,3,6,108]
F25:[186,71,126,66,51,20,10,99]
F26:[191,103,126,134,41,2,12,108]
F27:[192,106,126,14,46,31,13,107]
F28:[191,83,128,116,39,20,15,103]
F29:[191,76,126,218,7,6,10,106]
F30:[187,84,126,40,58,23,13,101]
F31:[188,112,126,30,60,1,16,103]
F32:[188,110,126,114,62,13,15,101]
F33:[176,62,128,80,51,1,6,99]
F34:[174,61,126,144,12,1,10,105]
F35:[182,39,126,140,14,30,15,105]
F36:[191,102,126,150,10,1,4,101]
F37:[192,114,124,110,55,24,8,106]
F38:[189,93,128,10,48,28,0,114]
F39:[191,78,124,86,61,16,6,106]
=== SAMPLE 15 STOP ===
