=== SAMPLE 7 (House) START ===
F0:[86,47,124,224,3,5,1,105]
F1:[87,37,128,42,48,30,9,102]
F2:[94,38,128,136,6,26,11,112]
F3:[97,31,130,216,43,31,11,105]
F4:[92,28,126,42,57,20,9,105]
F5:[130,24,126,170,44,19,10,100]
F6:[139,25,126,172,35,32,15,103]
F7:[143,81,128,182,13,26,10,107]
F8:[179,83,120,74,33,19,11,91]
F9:[180,78,130,136,24,4,3,108]
F10:[104,56,126,216,55,8,14,111]
F11:[107,84,124,150,49,7,13,100]
F12:[92,39,132,106,34,8,3,103]
F13:[88,28,128,58,9,25,6,103]
F14:[95,29,122,28,44,27,12,105]
F15:[121,27,128,196,34,11,16,107]
F16:[137,20,126,40,23,2,10,99]
F17:[141,25,126,120,27,23,10,101]
F18:[175,85,130,70,63,4,3,114]
F19:[175,87,128,108,49,2,14,99]
F20:[187,110,128,174,36,19,1,106]
F21:[191,106,128,124,13,2,2,107]
F22:[188,58,126,248,39,34,10,102]
F23:[189,38,124,12,44,22,3,99]
F24:[189,42,128,128,32,23,10,104]
F25:[188,33,126,164,32,36,10,100]
F26:[192,41,128,186,14,18,16,109]
F27:[188,28,126,44,17,13,11,107]
F28:[189,30,128,100,31,2,10,108]
F29:[188,41,126,194,50,0,4,109]
F30:[189,46,122,198,34,18,4,102]
F31:[190,103,130,218,38,20,4,105]
F32:[191,112,128,232,41,16,3,103]
F33:[190,56,124,228,60,7,3,111]
F34:[190,41,126,156,7,8,16,111]
F35:[188,32,128,30,56,21,9,106]
F36:[188,28,130,212,59,8,4,112]
F37:[189,33,128,82,29,8,9,108]
F38:[190,46,126,10,0,0,14,107]
F39:[187,23,124,180,42,18,10,97]
=== SAMPLE 7 STOP ===
