=== SAMPLE 29 (House) START ===
F0:[178,83,124,128,13,8,10,108]
F1:[181,97,126,28,55,12,9,109]
F2:[154,74,128,148,6,26,12,110]
F3:[123,44,126,82,60,2,15,109]
F4:[151,71,126,60,14,12,2,108]
F5:[108,54,126,96,3,15,9,104]
F6:[109,60,128,230,22,10,1,101]
F7:[115,62,130,142,39,19,15,109]
F8:[114,65,126,40,42,6,12,102]
F9:[97,35,126,240,44,19,12,105]
F10:[163,77,126,30,62,32,10,107]
F11:[181,92,130,220,43,0,5,107]
F12:[156,95,126,6,20,12,10,105]
F13:[114,32,126,6,19,33,1,100]
F14:[120,37,126,124,51,7,9,114]
F15:[131,73,128,200,0,26,12,112]
F16:[119,61,130,162,50,33,1,102]
F17:[105,57,128,126,54,16,13,102]
F18:[101,36,126,32,53,24,13,101]
F19:[118,58,124,34,7,13,7,98]
F20:[151,81,128,234,19,26,16,106]
F21:[187,96,126,148,64,23,9,102]
F22:[186,98,126,198,43,4,0,105]
F23:[184,101,130,216,41,11,9,106]
F24:[189,92,126,108,16,24,3,103]
F25:[189,97,128,80,51,20,17,106]
F26:[190,114,124,176,19,27,8,103]
F27:[190,69,124,32,22,32,7,105]
F28:[190,98,124,32,32,11,11,109]
F29:[191,101,126,186,48,0,0,105]
F30:[190,89,126,210,36,25,0,107]
F31:[186,61,126,50,47,20,4,105]
F32:[187,101,126,70,1,33,15,104]
F33:[188,99,126,232,16,32,3,106]
F34:[190,98,124,192,45,14,16,99]
F35:[187,106,122,80,46,8,7,100]
F36:[190,102,126,194,40,33,2,101]
F37:[190,112,132,194,30,3,14,109]
F38:[190,92,122,22,52,21,11,101]
F39:[190,73,124,146,11,13,5,108]
=== SAMPLE 29 STOP ===
