=== SAMPLE 22 (House) START ===
F0:[185,61,128,240,32,22,13,103]
F1:[186,64,132,238,63,20,9,102]
F2:[171,48,126,198,31,14,0,101]
F3:[135,30,132,134,10,14,17,106]
F4:[99,32,126,58,29,12,15,103]
F5:[68,54,126,138,60,34,9,105]
F6:[62,55,130,72,23,32,8,113]
F7:[74,51,130,96,11,35,16,113]
F8:[92,35,128,228,36,31,3,111]
F9:[92,34,130,54,17,13,8,104]
F10:[163,58,130,128,41,29,1,115]
F11:[176,71,126,50,40,28,16,104]
F12:[171,51,128,202,41,33,2,102]
F13:[96,31,126,102,42,26,16,103]
F14:[115,50,126,40,24,0,10,109]
F15:[88,43,126,124,44,36,4,111]
F16:[63,60,126,244,42,32,5,103]
F17:[66,51,130,150,26,29,12,111]
F18:[100,51,128,220,18,32,14,108]
F19:[89,48,124,178,36,27,15,108]
F20:[139,77,128,130,57,13,2,103]
F21:[187,111,124,94,58,15,15,106]
F22:[186,112,128,68,32,12,14,103]
F23:[175,96,130,54,12,16,16,108]
F24:[184,78,126,66,27,3,2,107]
F25:[187,84,130,208,45,20,14,101]
F26:[190,70,124,94,58,17,12,108]
F27:[189,67,128,182,34,26,5,107]
F28:[189,79,126,226,20,26,3,109]
F29:[190,82,124,222,36,9,3,108]
F30:[187,117,122,64,48,18,14,102]
F31:[186,111,126,204,13,10,7,105]
F32:[187,114,124,150,23,28,10,104]
F33:[175,92,128,22,22,6,7,106]
F34:[171,94,124,50,50,6,11,111]
F35:[185,78,124,180,50,6,15,108]
F36:[189,66,126,134,34,34,6,104]
F37:[191,82,134,132,9,19,1,113]
F38:[187,89,126,202,47,26,14,109]
F39:[189,84,130,234,10,4,12,112]
=== SAMPLE 22 STOP ===
