=== SAMPLE 18 (House) START ===
F0:[189,82,126,10,55,28,12,114]
F1:[189,79,126,98,40,35,4,104]
F2:[181,92,128,192,55,4,14,114]
F3:[141,32,120,88,62,5,16,112]
F4:[133,17,132,206,46,29,4,109]
F5:[78,35,126,138,54,30,16,106]
F6:[80,38,128,234,38,17,8,106]
F7:[80,39,122,12,49,14,14,101]
F8:[88,43,128,174,30,0,4,106]
F9:[90,43,126,176,50,35,1,102]
F10:[184,81,126,120,20,5,14,101]
F11:[190,75,124,92,42,2,13,107]
F12:[180,65,128,50,24,25,12,107]
F13:[133,17,128,218,29,6,1,108]
F14:[177,79,130,76,41,13,7,109]
F15:[94,32,128,74,29,16,13,103]
F16:[75,37,124,84,49,33,10,105]
F17:[77,37,126,194,51,10,3,99]
F18:[119,45,126,92,37,7,6,104]
F19:[88,39,126,22,44,12,2,108]
F20:[141,78,124,192,60,28,10,102]
F21:[186,110,124,102,51,29,0,103]
F22:[185,61,124,186,18,1,6,102]
F23:[180,33,130,134,21,9,7,106]
F24:[178,24,128,64,51,7,14,109]
F25:[183,58,128,112,21,32,8,112]
F26:[190,74,126,94,34,32,6,105]
F27:[189,101,126,134,4,4,12,106]
F28:[190,115,128,140,57,30,16,107]
F29:[187,101,128,234,42,28,8,107]
F30:[187,111,128,148,47,20,12,106]
F31:[184,105,128,168,48,14,11,101]
F32:[186,115,126,180,30,8,13,100]
F33:[170,64,124,204,48,3,13,106]
F34:[171,35,124,20,57,26,15,96]
F35:[180,37,124,46,35,6,5,103]
F36:[189,97,130,230,39,18,15,110]
F37:[189,96,128,92,50,14,13,105]
F38:[188,94,126,242,40,25,13,109]
F39:[190,130,130,178,30,25,2,104]
=== SAMPLE 18 STOP ===
