=== SAMPLE 16 (House) START ===
F0:[189,111,128,58,27,36,17,103]
F1:[151,90,126,122,12,9,7,106]
F2:[182,58,124,48,55,12,6,99]
F3:[160,73,134,142,34,24,12,113]
F4:[165,82,130,212,63,2,0,112]
F5:[82,46,126,100,62,30,8,115]
F6:[64,43,126,116,41,1,9,105]
F7:[69,47,126,122,13,1,8,107]
F8:[76,58,130,38,36,3,8,108]
F9:[122,41,126,248,47,14,6,102]
F10:[164,39,126,164,62,15,3,106]
F11:[190,28,126,188,50,11,9,103]
F12:[190,43,128,200,58,11,10,110]
F13:[181,83,130,86,50,34,17,110]
F14:[161,71,126,216,7,4,9,101]
F15:[98,54,128,184,33,34,14,103]
F16:[68,44,130,132,16,13,15,101]
F17:[109,41,124,156,31,21,2,108]
F18:[74,58,128,70,39,20,9,108]
F19:[78,63,124,202,61,3,16,108]
F20:[152,84,128,52,55,9,2,112]
F21:[185,87,126,104,41,27,8,102]
F22:[185,121,124,118,1,17,13,101]
F23:[185,93,126,90,0,35,12,105]
F24:[149,73,126,28,59,26,10,108]
F25:[165,71,128,104,37,31,1,104]
F26:[186,75,128,170,53,0,2,109]
F27:[187,89,126,96,30,18,11,106]
F28:[186,84,130,90,24,14,6,104]
F29:[188,111,128,142,19,23,3,104]
F30:[189,120,126,176,47,27,13,105]
F31:[185,121,128,80,63,33,14,109]
F32:[185,107,128,126,7,19,4,114]
F33:[171,108,128,184,49,30,9,107]
F34:[184,101,126,190,49,9,6,111]
F35:[186,102,126,174,60,31,5,105]
F36:[187,92,128,236,58,9,16,113]
F37:[186,79,124,72,51,28,4,111]
F38:[188,114,126,34,5,17,7,105]
F39:[190,130,128,182,60,35,15,106]
=== SAMPLE 16 STOP ===
