=== SAMPLE 31 (House) START ===
F0:[185,94,126,8,14,32,11,104]
F1:[186,98,128,28,52,31,7,111]
F2:[164,65,128,236,49,25,7,105]
F3:[157,62,128,192,49,33,8,109]
F4:[126,32,124,182,44,25,15,107]
F5:[96,40,126,164,60,2,2,103]
F6:[87,41,126,198,35,29,4,106]
F7:[104,46,122,210,48,13,8,102]
F8:[101,33,130,90,62,12,6,110]
F9:[100,33,124,22,61,32,0,111]
F10:[170,81,132,222,39,23,7,108]
F11:[166,106,130,124,27,16,7,109]
F12:[180,82,130,184,12,9,10,106]
F13:[124,30,126,198,46,36,13,100]
F14:[130,29,128,232,62,30,10,98]
F15:[118,53,126,62,6,35,3,108]
F16:[91,41,128,48,29,5,15,106]
F17:[88,40,124,96,46,3,7,106]
F18:[101,45,126,212,57,30,4,103]
F19:[103,48,126,174,17,21,16,106]
F20:[148,83,126,142,62,36,6,108]
F21:[191,105,128,46,23,22,15,110]
F22:[190,105,126,56,39,8,2,103]
F23:[183,97,130,198,63,2,1,107]
F24:[190,114,128,220,63,32,15,102]
F25:[190,112,126,16,62,10,14,103]
F26:[184,53,126,220,48,0,16,103]
F27:[186,84,124,42,33,27,8,101]
F28:[189,97,126,34,32,32,11,109]
F29:[191,111,126,42,30,18,3,109]
F30:[189,110,124,90,48,27,2,106]
F31:[190,99,128,182,39,18,12,112]
F32:[191,120,128,44,31,20,5,106]
F33:[190,101,132,130,14,4,15,112]
F34:[183,99,128,218,55,13,7,101]
F35:[190,102,128,126,51,5,9,110]
F36:[186,80,124,112,46,22,3,104]
F37:[185,69,128,156,22,2,6,103]
F38:[186,87,126,240,43,24,11,107]
F39:[192,119,124,30,52,9,4,104]
=== SAMPLE 31 STOP ===
