=== SAMPLE 5 (Set2) START ===
F0:[92,51,128,18,50,229,193,177,36]
F1:[120,70,128,160,37,198,193,170,156]
F2:[88,47,128,58,75,193,191,175,96]
F3:[97,69,128,20,62,224,195,172,137]
F4:[107,58,126,246,50,224,193,173,138]
F5:[175,85,128,42,62,214,199,178,196]
F6:[191,19,128,114,50,214,191,175,144]
F7:[182,67,128,10,88,224,189,173,119]
F8:[182,67,126,6,88,224,189,173,128]
F9:[179,23,126,26,62,229,201,179,125]
F10:[118,48,128,118,37,224,189,175,67]
F11:[108,55,126,32,75,224,206,171,118]
F12:[84,66,128,14,50,244,187,177,104]
F13:[95,56,128,126,50,209,197,176,139]
F14:[110,65,128,60,62,229,201,176,143]
F15:[152,73,128,128,75,204,195,174,170]
F16:[189,29,128,32,75,214,195,175,165]
F17:[189,49,128,40,24,229,195,177,128]
F18:[178,78,128,64,88,214,191,177,117]
F19:[180,33,128,90,11,224,193,174,130]
F20:[186,7,128,126,11,209,201,173,134]
F21:[195,23,128,138,37,214,184,173,137]
F22:[192,21,128,96,50,219,197,172,125]
F23:[180,5,128,114,62,219,197,177,116]
F24:[183,12,128,94,37,229,189,173,131]
F25:[190,21,128,150,62,224,189,174,135]
F26:[193,7,128,102,24,219,189,174,131]
F27:[195,11,128,104,62,198,191,177,130]
F28:[188,37,126,22,62,229,193,172,121]
F29:[182,7,126,8,62,224,189,171,122]
F30:[183,5,128,140,50,229,195,176,129]
F31:[193,26,126,82,75,224,204,177,138]
F32:[192,5,128,12,11,219,184,171,127]
F33:[183,10,126,12,50,244,189,176,119]
F34:[182,8,126,4,88,219,201,173,127]
F35:[186,24,128,4,101,204,189,176,132]
F36:[193,5,126,16,50,229,197,173,135]
F37:[194,8,126,16,75,239,182,174,129]
F38:[190,46,126,30,88,219,197,175,124]
F39:[181,12,128,52,50,204,201,172,119]
=== SAMPLE 5 STOP ===
