=== SAMPLE 7 (Set2) START ===
F0:[174,51,126,8,75,219,195,174,120]
F1:[170,67,128,4,75,214,197,178,124]
F2:[123,68,126,70,50,204,199,173,81]
F3:[139,69,126,34,75,219,199,171,144]
F4:[173,56,128,72,75,219,180,176,162]
F5:[189,55,128,122,50,224,193,176,144]
F6:[193,24,126,48,50,224,199,176,132]
F7:[191,16,128,64,62,214,184,173,126]
F8:[187,37,126,78,75,214,204,174,124]
F9:[182,20,126,76,50,214,191,173,123]
F10:[150,77,128,60,37,219,182,169,96]
F11:[175,48,126,50,50,183,204,175,153]
F12:[138,56,128,164,24,219,193,174,91]
F13:[134,60,126,14,75,224,191,177,124]
F14:[170,60,128,46,75,234,187,173,164]
F15:[183,64,126,212,50,224,195,172,141]
F16:[193,20,128,100,75,224,187,179,138]
F17:[195,37,128,80,24,204,193,177,130]
F18:[187,61,126,6,62,234,197,174,120]
F19:[183,30,126,20,37,239,197,168,124]
F20:[189,8,128,48,62,193,191,173,134]
F21:[195,35,128,116,50,214,195,175,134]
F22:[193,16,126,38,62,209,193,174,126]
F23:[181,7,126,56,50,224,199,174,116]
F24:[184,34,126,46,75,219,206,176,131]
F25:[188,28,126,32,88,219,187,177,132]
F26:[194,30,126,62,24,224,204,173,134]
F27:[193,26,126,60,75,214,182,174,127]
F28:[184,32,128,68,62,204,184,176,119]
F29:[182,15,128,14,11,229,195,175,126]
F30:[187,25,126,142,62,224,195,170,133]
F31:[194,34,128,86,37,209,184,173,135]
F32:[193,12,128,24,37,224,187,174,127]
F33:[184,15,128,42,37,193,193,177,119]
F34:[184,56,128,50,37,204,197,177,128]
F35:[185,47,126,22,75,229,189,170,129]
F36:[194,15,126,16,37,219,189,171,137]
F37:[193,19,128,6,88,193,176,173,127]
F38:[187,49,128,20,50,224,189,175,122]
F39:[184,30,128,4,101,229,187,173,125]
=== SAMPLE 7 STOP ===
