=== SAMPLE 2 (Set2) START ===
F0:[174,52,128,74,62,209,189,177,119]
F1:[177,60,128,216,50,229,204,174,131]
F2:[175,57,128,70,50,198,182,174,126]
F3:[175,46,128,14,37,219,195,175,128]
F4:[175,39,128,68,50,229,204,174,128]
F5:[186,35,128,48,229,219,206,177,139]
F6:[196,17,126,34,37,219,206,173,138]
F7:[192,28,128,80,24,219,199,177,124]
F8:[185,21,126,78,37,214,195,175,121]
F9:[182,19,128,46,50,204,193,169,125]
F10:[179,38,126,40,50,224,199,171,125]
F11:[179,60,126,40,62,209,199,174,128]
F12:[174,62,128,38,24,229,199,176,123]
F13:[166,53,126,20,50,224,195,172,120]
F14:[175,48,128,76,37,204,197,175,137]
F15:[186,33,126,124,62,219,195,174,139]
F16:[195,17,126,66,50,219,195,175,137]
F17:[195,25,128,34,11,229,189,173,128]
F18:[184,23,128,156,50,219,187,175,117]
F19:[181,23,128,68,75,193,195,177,125]
F20:[190,10,128,62,24,219,193,173,137]
F21:[193,6,128,64,50,198,191,177,131]
F22:[194,20,126,6,88,219,191,173,129]
F23:[181,1,128,42,37,219,195,175,115]
F24:[182,2,126,190,37,204,201,170,129]
F25:[187,33,126,36,75,224,197,177,133]
F26:[194,15,126,42,37,224,197,171,135]
F27:[192,25,124,42,50,229,197,170,126]
F28:[186,29,126,28,24,224,201,171,122]
F29:[184,24,128,24,50,214,199,175,126]
F30:[186,12,128,26,50,209,201,173,130]
F31:[195,12,126,36,62,204,199,172,137]
F32:[195,19,128,32,62,214,206,175,128]
F33:[185,0,128,82,50,204,204,171,118]
F34:[181,1,126,10,75,234,195,171,124]
F35:[185,35,126,78,75,224,197,176,132]
F36:[192,24,126,108,50,234,201,173,135]
F37:[194,20,128,146,62,219,197,175,130]
F38:[187,16,126,56,62,224,191,171,121]
F39:[186,47,126,10,62,229,193,176,127]
=== SAMPLE 2 STOP ===
