=== SAMPLE 0 (Set2) START ===
F0:[122,55,126,38,62,219,199,176,68]
F1:[172,82,126,10,62,214,180,168,178]
F2:[134,51,128,60,37,204,182,174,90]
F3:[136,53,128,74,50,204,189,171,130]
F4:[173,76,128,4,88,219,191,178,165]
F5:[190,23,126,100,37,219,204,171,145]
F6:[196,5,126,32,50,234,212,172,134]
F7:[188,17,128,224,50,219,187,173,120]
F8:[185,25,128,24,24,219,204,172,125]
F9:[184,10,128,232,75,198,201,175,127]
F10:[147,43,128,182,50,214,197,174,91]
F11:[177,75,128,130,50,214,189,175,158]
F12:[132,53,126,84,50,224,199,177,83]
F13:[115,44,126,16,62,234,201,177,111]
F14:[167,75,128,220,62,224,195,176,180]
F15:[186,44,126,50,62,229,191,174,147]
F16:[195,10,126,14,37,239,206,173,137]
F17:[188,32,128,50,37,224,201,176,121]
F18:[184,19,126,110,75,224,189,175,124]
F19:[183,12,128,30,37,209,197,175,127]
F20:[189,3,128,96,50,193,184,172,134]
F21:[196,69,126,168,24,204,195,168,135]
F22:[192,17,126,34,50,229,201,177,124]
F23:[182,7,128,14,75,234,187,176,118]
F24:[183,49,124,8,88,229,204,173,129]
F25:[190,42,128,154,37,224,197,175,135]
F26:[192,32,128,64,62,219,189,178,130]
F27:[193,21,128,54,11,209,189,178,129]
F28:[187,24,128,6,88,204,178,175,122]
F29:[182,19,126,32,50,214,204,171,123]
F30:[186,19,128,50,37,214,197,176,132]
F31:[197,67,128,162,75,214,174,175,139]
F32:[193,17,128,86,50,204,189,174,124]
F33:[184,15,128,64,24,214,187,170,119]
F34:[183,30,128,40,62,224,187,176,127]
F35:[188,60,128,80,50,219,199,173,133]
F36:[193,17,128,62,37,204,195,175,133]
F37:[193,23,126,12,37,239,199,175,128]
F38:[189,28,126,44,50,219,199,176,124]
F39:[184,37,128,90,62,234,191,175,123]
=== SAMPLE 0 STOP ===
