=== SAMPLE 6 (Set2) START ===
F0:[168,30,128,8,88,224,191,175,115]
F1:[168,102,126,44,37,224,204,179,128]
F2:[165,34,126,18,62,224,204,172,125]
F3:[166,37,130,64,62,193,189,178,129]
F4:[169,87,126,74,37,219,189,177,131]
F5:[184,110,128,210,37,229,191,173,143]
F6:[192,5,128,40,37,209,184,177,136]
F7:[188,66,128,110,50,209,189,173,124]
F8:[183,98,128,10,50,229,201,178,123]
F9:[181,5,126,54,62,224,180,176,126]
F10:[173,46,128,36,75,219,195,178,120]
F11:[174,88,128,74,50,219,195,173,129]
F12:[170,38,128,204,62,204,187,172,124]
F13:[164,44,126,10,62,198,206,173,122]
F14:[167,97,126,10,37,229,197,175,131]
F15:[180,108,126,18,62,229,197,176,141]
F16:[192,5,128,82,75,219,191,173,140]
F17:[192,47,126,46,50,209,197,173,128]
F18:[183,88,126,116,75,214,197,174,119]
F19:[180,10,126,24,37,219,197,173,125]
F20:[187,19,128,182,62,214,184,173,135]
F21:[193,43,128,116,75,209,195,176,134]
F22:[192,52,128,36,37,219,197,175,127]
F23:[183,25,128,22,50,219,195,175,119]
F24:[184,57,126,62,50,224,187,172,129]
F25:[188,17,128,60,50,224,191,177,132]
F26:[193,29,126,6,88,229,191,173,133]
F27:[192,16,128,26,50,209,201,174,127]
F28:[185,10,126,40,50,209,208,175,121]
F29:[181,15,128,100,11,219,187,172,124]
F30:[185,15,126,82,37,224,204,177,132]
F31:[193,32,126,4,101,209,210,175,136]
F32:[193,30,128,84,37,224,193,177,128]
F33:[185,51,126,44,75,219,204,175,120]
F34:[185,42,128,64,62,209,184,175,128]
F35:[187,32,128,216,62,224,195,178,130]
F36:[192,15,128,228,24,234,189,178,133]
F37:[194,33,126,12,62,229,197,176,130]
F38:[187,21,128,178,24,214,184,176,121]
F39:[182,30,126,66,50,214,201,176,123]
=== SAMPLE 6 STOP ===
