=== SAMPLE 4 (Set2) START ===
F0:[85,67,128,96,62,219,178,175,33]
F1:[152,85,128,96,62,229,189,180,195]
F2:[114,84,126,18,75,229,199,172,90]
F3:[82,80,126,42,62,219,208,174,96]
F4:[150,98,128,16,88,229,193,177,196]
F5:[187,38,126,24,37,209,197,171,165]
F6:[192,0,128,226,75,224,189,176,133]
F7:[188,0,128,178,62,219,197,175,124]
F8:[185,29,128,36,37,193,204,174,125]
F9:[180,1,128,226,75,209,191,176,123]
F10:[108,53,126,14,37,229,208,177,56]
F11:[149,98,126,84,62,209,193,175,169]
F12:[123,93,128,20,255,219,193,175,102]
F13:[79,75,126,44,62,214,201,174,84]
F14:[151,79,128,94,50,224,182,175,200]
F15:[170,43,126,30,62,224,197,174,147]
F16:[191,5,124,30,75,214,206,173,149]
F17:[191,2,126,12,62,244,187,173,128]
F18:[186,29,126,16,62,239,195,174,123]
F19:[183,8,126,100,75,219,199,172,125]
F20:[187,14,128,22,75,229,195,174,132]
F21:[194,52,126,222,37,234,187,172,135]
F22:[193,49,126,84,75,219,195,175,127]
F23:[183,41,126,10,50,234,195,176,118]
F24:[186,62,128,162,62,204,187,172,131]
F25:[189,37,128,94,37,214,193,174,131]
F26:[197,30,126,14,62,229,208,172,136]
F27:[197,30,126,68,37,214,199,175,128]
F28:[183,7,128,136,37,234,191,171,114]
F29:[185,20,128,50,62,193,189,173,130]
F30:[188,21,126,18,37,239,201,176,131]
F31:[196,73,128,76,24,224,197,175,136]
F32:[195,17,126,6,88,234,197,178,127]
F33:[186,61,128,24,24,214,176,177,119]
F34:[185,49,128,164,50,219,195,175,127]
F35:[186,30,128,216,62,219,195,177,129]
F36:[197,23,130,158,37,193,191,173,139]
F37:[196,33,128,72,62,204,189,177,127]
F38:[185,15,128,84,37,214,191,177,117]
F39:[184,20,128,32,37,193,195,172,127]
=== SAMPLE 4 STOP ===
