=== SAMPLE 2 (Set) START ===
F0:[184,20,126,28,62,198,191,172,126]
F1:[176,41,128,36,75,209,197,177,120]
F2:[177,25,128,74,75,214,191,177,129]
F3:[168,35,126,98,50,219,195,179,119]
F4:[170,25,126,46,37,193,199,171,130]
F5:[156,83,126,24,62,224,204,172,114]
F6:[155,73,126,4,88,214,204,168,127]
F7:[159,75,126,12,50,234,206,175,132]
F8:[149,70,128,166,50,219,191,173,118]
F9:[152,78,128,18,50,234,193,179,131]
F10:[172,35,126,70,75,214,204,179,148]
F11:[180,25,126,26,88,224,201,173,136]
F12:[176,35,126,178,50,224,195,175,124]
F13:[170,28,128,176,75,214,195,176,122]
F14:[171,28,130,42,75,214,206,175,129]
F15:[155,71,128,12,50,234,193,175,112]
F16:[161,72,126,38,50,214,199,175,134]
F17:[155,68,126,12,37,239,189,178,122]
F18:[151,80,126,42,50,219,212,177,124]
F19:[153,66,128,118,62,204,199,174,130]
F20:[171,84,128,66,75,198,182,171,146]
F21:[194,79,126,22,62,198,197,171,151]
F22:[193,79,128,228,50,204,180,172,127]
F23:[186,82,128,220,75,214,199,174,121]
F24:[185,71,126,20,62,229,199,173,127]
F25:[188,106,126,152,62,198,184,170,131]
F26:[186,123,126,68,50,224,187,169,126]
F27:[187,98,128,80,37,214,193,177,129]
F28:[188,142,126,40,24,229,204,173,129]
F29:[188,80,126,98,24,214,193,173,128]
F30:[190,121,126,70,50,214,193,175,130]
F31:[195,74,128,52,88,204,184,174,133]
F32:[193,82,128,28,50,209,206,174,126]
F33:[188,75,126,112,62,214,197,174,123]
F34:[185,85,128,20,24,229,189,175,125]
F35:[187,99,128,46,37,214,189,175,130]
F36:[186,89,128,66,37,219,187,175,127]
F37:[188,142,128,4,88,198,189,173,130]
F38:[186,89,126,16,62,239,199,173,126]
F39:[189,131,128,152,62,219,201,181,131]
=== SAMPLE 2 STOP ===
