=== SAMPLE 1 (Set2) START ===
F0:[193,30,126,18,37,239,193,174,137]
F1:[180,75,126,172,75,219,187,176,115]
F2:[178,67,128,104,37,204,184,177,126]
F3:[182,15,128,78,50,224,191,179,132]
F4:[177,60,128,88,62,209,189,178,123]
F5:[174,75,128,40,255,224,204,173,125]
F6:[192,28,126,6,75,234,184,173,146]
F7:[189,21,126,64,50,229,201,174,125]
F8:[173,65,126,26,75,224,201,171,112]
F9:[173,57,126,14,62,224,206,175,128]
F10:[190,25,126,28,75,229,206,174,145]
F11:[181,67,126,44,50,219,197,171,119]
F12:[178,75,128,34,50,209,187,175,125]
F13:[181,20,126,30,62,224,208,172,131]
F14:[175,69,126,174,11,219,191,170,122]
F15:[175,67,128,10,50,229,195,172,128]
F16:[193,19,126,64,88,214,199,176,146]
F17:[191,32,126,10,62,224,187,173,126]
F18:[170,64,126,58,62,219,199,175,107]
F19:[179,34,128,100,62,214,195,173,137]
F20:[187,10,126,124,88,224,201,172,136]
F21:[192,19,126,54,24,219,195,174,133]
F22:[194,48,128,6,88,224,204,175,130]
F23:[180,0,128,18,88,229,195,176,114]
F24:[180,20,126,84,75,224,193,173,128]
F25:[189,47,128,70,37,224,187,174,137]
F26:[194,20,126,74,62,214,191,177,133]
F27:[194,33,126,18,75,229,193,176,128]
F28:[185,33,126,24,62,224,201,171,119]
F29:[183,23,130,42,255,214,184,176,126]
F30:[186,15,128,84,75,214,197,175,131]
F31:[192,7,126,16,62,234,199,173,134]
F32:[194,67,128,112,88,209,193,177,130]
F33:[183,0,126,124,75,193,191,171,117]
F34:[181,15,126,82,75,234,197,176,126]
F35:[186,71,126,14,75,229,189,173,133]
F36:[194,30,126,54,50,219,197,176,136]
F37:[194,30,126,58,24,224,201,175,128]
F38:[187,24,126,40,62,214,201,178,121]
F39:[183,28,126,106,50,219,199,173,124]
=== SAMPLE 1 STOP ===
