=== SAMPLE 3 (Set2) START ===
F0:[188,38,126,76,88,214,206,177,130]
F1:[188,42,126,60,62,209,201,173,128]
F2:[190,35,128,6,88,224,193,177,130]
F3:[176,65,126,44,50,214,199,174,114]
F4:[179,38,126,14,50,239,201,171,131]
F5:[193,11,128,122,37,229,176,174,142]
F6:[190,23,128,10,24,224,201,175,125]
F7:[175,69,126,48,75,209,197,177,113]
F8:[177,29,130,74,11,198,189,179,130]
F9:[183,10,128,70,37,209,195,174,134]
F10:[189,32,128,246,62,224,184,173,134]
F11:[187,42,126,34,62,219,199,172,126]
F12:[192,19,126,20,62,229,184,175,133]
F13:[179,44,128,216,75,198,193,175,115]
F14:[177,55,126,26,62,224,201,180,126]
F15:[191,19,126,16,50,224,195,173,142]
F16:[193,19,128,18,75,234,193,175,130]
F17:[170,76,128,10,24,234,180,178,105]
F18:[184,25,126,98,62,214,193,171,142]
F19:[183,16,128,108,75,214,184,174,127]
F20:[189,52,126,8,88,214,199,176,134]
F21:[191,52,128,22,62,219,193,175,130]
F22:[197,61,128,6,88,229,195,180,134]
F23:[185,58,128,112,37,229,201,173,116]
F24:[185,52,126,14,62,229,201,177,128]
F25:[189,35,128,144,50,214,189,173,132]
F26:[192,16,126,12,75,229,204,175,131]
F27:[190,84,126,148,37,219,208,175,126]
F28:[180,11,128,76,37,219,195,174,118]
F29:[181,20,128,124,62,209,195,173,129]
F30:[184,16,126,64,50,234,201,174,131]
F31:[193,47,128,56,50,209,201,175,137]
F32:[197,46,126,24,50,209,201,175,132]
F33:[188,39,126,214,62,214,191,175,119]
F34:[184,64,128,12,62,229,199,173,124]
F35:[187,30,128,110,50,224,187,173,131]
F36:[191,19,126,32,242,229,201,171,132]
F37:[190,69,128,28,37,209,199,175,127]
F38:[186,17,128,240,37,198,189,175,124]
F39:[180,15,128,6,88,204,197,175,122]
=== SAMPLE 3 STOP ===
