=== SAMPLE 9 (Set2) START ===
F0:[187,51,126,18,24,234,191,170,131]
F1:[187,62,128,122,37,224,191,173,128]
F2:[186,30,126,40,62,193,201,177,127]
F3:[184,52,128,114,50,204,182,174,126]
F4:[179,62,128,18,37,224,195,175,123]
F5:[191,16,128,62,75,193,195,177,140]
F6:[191,32,128,156,37,224,191,173,128]
F7:[188,42,126,146,50,224,197,173,125]
F8:[182,51,128,74,50,193,189,176,122]
F9:[182,15,126,4,88,239,201,175,128]
F10:[188,53,126,12,11,239,197,175,134]
F11:[187,62,126,52,62,229,201,174,127]
F12:[188,29,128,78,75,209,174,173,129]
F13:[184,42,126,72,24,234,187,175,124]
F14:[180,65,128,32,62,198,197,176,124]
F15:[189,20,126,20,50,224,204,175,137]
F16:[192,16,130,36,37,204,180,171,131]
F17:[188,52,126,16,75,229,195,178,124]
F18:[184,51,126,118,24,209,195,173,124]
F19:[182,30,126,62,62,209,199,173,126]
F20:[188,34,126,64,75,219,191,174,134]
F21:[194,21,128,70,50,214,182,175,134]
F22:[193,10,128,146,75,193,189,175,127]
F23:[182,10,128,218,11,219,197,173,117]
F24:[182,26,128,72,75,214,189,178,128]
F25:[187,5,126,38,50,209,206,177,133]
F26:[193,2,126,24,50,229,206,174,134]
F27:[194,7,126,108,37,219,195,177,129]
F28:[185,15,128,88,24,229,187,173,119]
F29:[182,0,128,16,50,224,191,173,125]
F30:[186,5,126,16,50,229,204,175,132]
F31:[193,30,126,44,62,204,195,178,135]
F32:[194,5,128,34,37,214,191,177,129]
F33:[184,11,126,14,62,229,195,174,118]
F34:[184,39,128,74,75,193,191,174,128]
F35:[183,8,128,58,75,198,184,176,127]
F36:[194,0,126,42,37,224,199,176,139]
F37:[194,14,128,8,88,219,193,175,128]
F38:[188,16,126,76,62,224,204,171,122]
F39:[182,0,128,32,11,214,191,174,122]
=== SAMPLE 9 STOP ===
