=== SAMPLE 8 (Set2) START ===
F0:[173,57,126,46,75,229,204,173,117]
F1:[174,48,126,22,50,219,191,170,129]
F2:[165,46,126,52,50,209,189,176,119]
F3:[171,60,126,106,50,219,187,173,134]
F4:[166,64,128,114,75,204,189,176,123]
F5:[196,3,128,70,24,193,199,177,158]
F6:[196,0,128,142,62,219,191,171,128]
F7:[190,35,126,50,24,198,204,173,122]
F8:[183,17,128,118,62,198,197,176,121]
F9:[185,0,128,82,11,204,197,174,130]
F10:[174,47,126,170,50,219,189,169,117]
F11:[179,65,128,10,75,219,197,177,133]
F12:[168,55,126,26,50,219,199,180,117]
F13:[172,55,126,86,62,224,191,177,132]
F14:[168,79,128,190,37,214,197,171,124]
F15:[192,21,126,18,62,234,187,170,152]
F16:[198,0,128,44,50,219,204,174,134]
F17:[191,43,126,52,37,219,195,174,121]
F18:[180,60,128,8,75,219,199,175,117]
F19:[185,0,126,42,75,209,195,178,133]
F20:[186,10,128,182,50,219,195,175,129]
F21:[193,6,126,58,37,234,187,177,135]
F22:[187,41,126,76,62,219,197,177,122]
F23:[185,16,126,24,37,219,189,171,126]
F24:[181,0,130,80,255,219,191,179,124]
F25:[186,29,126,66,50,214,189,173,133]
F26:[194,42,126,86,50,209,197,178,136]
F27:[193,15,126,40,37,224,204,176,127]
F28:[184,16,128,138,50,219,197,176,119]
F29:[185,29,128,56,37,224,182,174,129]
F30:[185,10,128,236,50,214,197,172,128]
F31:[193,1,126,4,101,224,201,174,136]
F32:[186,29,128,6,88,204,195,177,121]
F33:[187,16,128,194,37,214,191,176,129]
F34:[180,0,126,4,101,229,187,175,121]
F35:[185,47,126,26,50,224,195,175,133]
F36:[195,29,126,30,62,209,204,175,138]
F37:[193,15,126,12,62,219,191,174,126]
F38:[187,24,128,62,37,198,182,176,122]
F39:[184,37,126,72,62,224,195,174,125]
=== SAMPLE 8 STOP ===
