=== SAMPLE 1 (Set) START ===
F0:[177,71,128,80,24,209,199,174,120]
F1:[172,97,126,42,37,234,199,174,123]
F2:[176,62,126,4,88,224,191,176,132]
F3:[169,94,126,42,62,229,204,175,121]
F4:[172,79,126,32,50,204,201,171,131]
F5:[152,93,128,104,37,214,197,177,108]
F6:[147,93,126,4,101,224,197,174,123]
F7:[149,98,128,68,75,219,191,178,130]
F8:[145,87,126,12,50,229,204,175,124]
F9:[144,100,128,170,50,214,191,175,127]
F10:[166,80,128,100,62,204,191,173,150]
F11:[177,76,128,6,50,219,193,172,139]
F12:[173,87,126,26,75,214,204,174,124]
F13:[170,87,126,68,50,229,191,175,125]
F14:[171,80,126,36,88,224,189,173,129]
F15:[156,98,128,176,62,198,195,176,113]
F16:[150,98,126,30,11,214,197,175,122]
F17:[149,89,126,22,24,239,206,178,127]
F18:[144,96,126,26,62,219,214,178,123]
F19:[146,92,128,64,24,209,195,175,130]
F20:[172,104,126,70,50,229,189,173,154]
F21:[195,98,128,50,11,198,201,175,151]
F22:[192,107,128,74,50,214,191,174,125]
F23:[188,102,126,20,75,239,191,177,124]
F24:[188,101,128,52,50,209,197,177,128]
F25:[190,74,126,4,88,224,197,177,130]
F26:[190,87,128,4,88,204,184,173,128]
F27:[191,64,128,154,24,209,187,170,129]
F28:[186,73,126,82,37,209,197,170,123]
F29:[186,66,126,86,75,224,197,179,128]
F30:[189,94,126,26,75,224,197,175,131]
F31:[196,101,126,48,242,229,204,178,135]
F32:[193,105,124,8,75,239,191,171,125]
F33:[188,103,128,64,11,219,193,175,123]
F34:[187,103,128,20,37,239,193,176,127]
F35:[189,92,126,16,50,239,206,176,130]
F36:[191,65,128,64,242,214,201,176,130]
F37:[191,73,128,166,62,204,201,174,128]
F38:[187,74,126,120,88,224,191,175,124]
F39:[186,62,128,14,24,234,195,178,127]
=== SAMPLE 1 STOP ===
