=== SAMPLE 10 (Set2) START ===
F0:[173,39,128,4,101,204,180,177,119]
F1:[161,38,126,40,50,219,197,170,116]
F2:[128,37,126,94,50,229,195,172,95]
F3:[159,32,126,148,37,229,191,175,159]
F4:[166,39,126,28,62,229,197,176,135]
F5:[185,21,126,104,50,224,204,176,147]
F6:[190,21,128,66,24,214,191,175,133]
F7:[191,35,126,44,62,209,206,176,129]
F8:[186,46,128,70,62,214,187,176,123]
F9:[181,10,126,110,50,204,193,173,123]
F10:[162,38,128,148,62,224,195,176,109]
F11:[173,39,126,16,37,224,199,174,139]
F12:[128,39,126,64,37,234,193,173,83]
F13:[154,44,126,70,37,234,199,173,154]
F14:[163,42,126,18,75,224,201,176,137]
F15:[184,23,126,36,62,219,193,171,149]
F16:[192,11,126,8,75,229,201,176,136]
F17:[193,25,126,52,50,219,201,176,129]
F18:[185,30,128,32,50,219,206,179,120]
F19:[181,20,130,204,50,193,184,172,124]
F20:[189,15,126,70,50,224,191,173,136]
F21:[194,42,128,22,62,214,199,173,133]
F22:[194,10,126,68,75,214,193,175,128]
F23:[184,5,128,74,37,209,195,174,118]
F24:[185,30,128,24,11,229,201,176,129]
F25:[187,62,126,30,62,224,189,170,130]
F26:[191,128,126,16,88,239,189,178,132]
F27:[194,73,126,42,24,229,197,175,131]
F28:[188,25,126,8,62,214,197,173,122]
F29:[190,137,126,18,37,229,195,172,130]
F30:[191,80,126,62,37,229,182,173,129]
F31:[192,34,126,106,50,224,195,172,129]
F32:[195,5,124,40,50,219,197,174,131]
F33:[187,15,128,118,50,188,195,173,120]
F34:[183,47,126,84,50,219,199,175,124]
F35:[187,37,126,72,50,224,201,177,132]
F36:[191,130,126,52,50,219,201,176,132]
F37:[194,55,128,174,37,209,199,174,131]
F38:[192,32,128,6,88,229,180,177,126]
F39:[189,106,126,10,62,229,199,176,125]
=== SAMPLE 10 STOP ===
